politifact vanilla
---
85.71
92.86
90.48
90.48
95.24
92.68
90.24
87.80
73.17
75.61
---
80.31
89.80
89.29
89.63
94.43
91.37
89.49
87.80
71.47
75.60
---
gossipcop vanilla
---
73.14
73.44
73.86
78.01
78.01
72.20
72.61
76.35
73.86
73.44
---
71.79
71.87
73.55
76.93
77.32
70.36
66.49
73.25
70.44
73.39
---
antivax vanilla
---
92.89
94.21
92.63
93.42
92.11
94.21
92.63
92.35
93.14
94.46
---
90.93
91.80
89.65
90.87
90.07
91.13
90.03
89.71
91.17
92.32
---
hasoc vanilla
---
61.11
70.83
64.79
63.38
69.01
59.15
59.15
74.65
63.38
60.56
---
60.99
65.19
64.08
62.48
64.63
57.50
56.97
69.57
58.20
51.27
---
pheme vanilla
---
83.36
87.40
85.07
84.76
86.31
83.49
87.23
86.76
86.29
83.49
---
82.20
86.11
84.32
84.22
85.35
82.64
86.06
86.35
85.85
82.24
---
twitter15 vanilla
---
85.45
94.55
92.73
90.74
92.59
90.74
94.44
87.04
92.59
92.59
---
85.41
94.48
92.67
90.71
92.50
90.66
94.40
87.03
92.58
92.50
---
twitter16 vanilla
---
91.89
94.59
94.44
91.67
97.22
100.00
94.44
94.44
91.67
91.67
---
90.54
94.59
94.38
91.11
97.22
100.00
94.38
94.29
91.66
91.11
---
rumoureval vanilla
---
68.89
55.56
57.78
66.67
66.67
60.00
61.36
54.55
59.09
63.64
---
68.15
53.98
57.33
66.46
64.53
60.35
61.79
52.38
59.00
60.37
---
figlang_twitter vanilla
---
75.80
74.40
74.00
73.20
70.80
75.20
74.00
74.00
73.40
70.20
---
75.78
74.39
73.99
73.18
70.73
75.13
74.00
73.93
73.10
70.20
---
figlang_reddit vanilla
---
68.86
63.18
68.18
64.09
67.95
63.41
62.50
65.45
67.05
65.91
---
68.85
63.03
67.86
63.69
67.87
62.43
60.97
64.61
66.92
65.82
---
politifact as_publisher
---
83.33
88.10
92.86
88.10
95.24
90.24
85.37
90.24
73.17
78.05
---
76.19
84.13
91.81
86.83
94.64
88.74
83.73
90.24
71.47
78.00
---
gossipcop as_publisher
---
71.90
73.86
75.52
78.01
78.01
73.44
73.86
76.35
75.52
73.44
---
70.43
72.37
75.08
76.85
77.32
71.87
68.15
73.42
72.49
73.37
---
antivax as_publisher
---
92.89
94.21
92.63
93.16
92.37
94.21
92.89
92.88
93.40
94.20
---
90.93
91.80
89.65
90.61
90.37
91.13
90.42
90.35
91.48
91.99
---
hasoc as_publisher
---
62.50
68.06
66.20
63.38
69.01
66.20
61.97
74.65
61.97
60.56
---
62.14
61.87
65.02
62.48
64.63
64.62
58.69
69.57
56.08
51.27
---
pheme as_publisher
---
83.20
87.40
85.38
84.14
85.85
83.80
87.23
86.45
85.98
83.64
---
82.05
86.08
84.64
83.55
84.89
82.94
86.06
86.06
85.54
82.40
---
twitter15 as_publisher
---
87.27
94.55
92.73
90.74
92.59
90.74
92.59
85.19
92.59
90.74
---
87.26
94.48
92.67
90.71
92.50
90.66
92.50
85.10
92.58
90.58
---
twitter16 as_publisher
---
91.89
97.30
91.67
91.67
100.00
100.00
94.44
94.44
91.67
88.89
---
90.54
97.30
91.50
91.11
100.00
100.00
94.38
94.29
91.66
88.31
---
rumoureval as_publisher
---
71.11
55.56
55.56
57.78
66.67
60.00
59.09
56.82
59.09
61.36
---
70.97
54.22
55.04
58.18
64.53
60.24
59.24
55.80
58.51
56.66
---
figlang_twitter as_publisher
---
75.80
74.00
74.40
73.60
71.80
75.40
73.80
73.80
73.60
70.20
---
75.78
73.99
74.39
73.58
71.75
75.34
73.80
73.73
73.31
70.20
---
figlang_reddit as_publisher
---
70.23
63.18
66.14
64.32
67.95
62.95
62.27
64.77
65.91
66.59
---
70.22
63.07
65.78
63.94
67.87
61.96
60.92
63.94
65.81
66.48
---
politifact echo
---
88.10
90.48
92.86
92.86
92.86
92.68
82.93
87.80
78.05
75.61
---
83.00
86.88
91.81
92.33
91.46
91.37
81.33
87.80
75.99
75.60
---
gossipcop echo
---
72.31
73.86
77.18
80.08
76.35
72.61
73.03
75.93
74.27
72.20
---
70.92
72.25
76.87
78.81
75.61
70.61
66.56
72.87
70.81
72.13
---
antivax echo
---
92.89
93.42
92.11
94.21
92.63
94.21
92.89
92.08
93.40
94.46
---
90.93
90.79
89.00
92.05
90.73
91.13
90.35
89.31
91.48
92.32
---
hasoc echo
---
62.50
69.44
67.61
70.42
70.42
63.38
54.93
73.24
64.79
59.15
---
62.14
63.03
66.30
70.33
66.61
61.15
52.19
67.42
60.25
48.74
---
pheme echo
---
83.36
87.56
85.38
84.60
86.00
84.27
87.23
86.76
86.29
83.96
---
82.17
86.27
84.64
84.03
85.04
83.40
86.06
86.37
85.85
82.70
---
twitter15 echo
---
85.45
92.73
92.73
90.74
92.59
90.74
94.44
87.04
92.59
90.74
---
85.41
92.67
92.67
90.71
92.50
90.66
94.40
87.00
92.58
90.58
---
twitter16 echo
---
91.89
97.30
91.67
91.67
97.22
100.00
94.44
94.44
91.67
91.67
---
90.54
97.30
91.50
91.11
97.22
100.00
94.38
94.29
91.66
91.11
---
rumoureval echo
---
73.33
53.33
60.00
57.78
62.22
57.78
61.36
52.27
56.82
61.36
---
74.07
50.99
59.03
58.18
60.56
58.03
61.60
52.33
56.48
56.94
---
figlang_twitter echo
---
76.60
73.40
74.00
73.00
70.80
75.20
74.40
73.40
74.00
70.40
---
76.58
73.39
73.99
72.98
70.73
75.14
74.40
73.32
73.72
70.40
---
figlang_reddit echo
---
68.64
63.86
66.59
64.55
67.05
62.95
62.50
65.00
66.82
66.14
---
68.63
63.63
66.14
64.22
67.05
61.85
61.05
64.04
66.80
66.04
---
politifact support
---
85.71
88.10
90.48
90.48
95.24
90.24
78.05
92.68
70.73
75.61
---
78.79
84.13
89.29
89.63
94.43
88.74
75.15
92.61
68.46
75.60
---
gossipcop support
---
73.14
73.44
74.27
80.08
77.18
72.20
71.37
76.35
74.69
73.44
---
71.89
71.75
73.99
78.90
76.39
70.36
65.41
73.42
71.37
73.37
---
antivax support
---
92.89
93.95
92.37
93.68
92.89
94.47
92.63
92.61
93.14
94.20
---
90.87
91.39
89.32
91.33
91.14
91.49
90.03
90.03
91.17
91.92
---
hasoc support
---
61.11
70.83
66.20
69.01
70.42
69.01
60.56
73.24
61.97
61.97
---
60.99
65.19
65.02
68.96
66.61
67.13
58.72
67.42
56.08
53.71
---
pheme support
---
83.67
87.56
85.38
84.60
86.31
83.96
87.07
86.76
85.83
83.80
---
82.50
86.24
84.64
84.03
85.35
83.09
85.87
86.37
85.37
82.52
---
twitter15 support
---
85.45
94.55
92.73
90.74
92.59
90.74
94.44
87.04
92.59
92.59
---
85.41
94.48
92.67
90.71
92.50
90.66
94.40
87.00
92.58
92.50
---
twitter16 support
---
86.49
97.30
91.67
88.89
97.22
100.00
94.44
94.44
91.67
91.67
---
84.90
97.30
91.50
88.31
97.22
100.00
94.38
94.29
91.66
91.11
---
rumoureval support
---
73.33
55.56
57.78
66.67
64.44
60.00
61.36
52.27
61.36
63.64
---
72.65
53.98
57.33
66.88
61.23
60.17
61.74
52.23
60.13
60.37
---
figlang_twitter support
---
76.00
74.60
74.20
73.00
71.60
75.80
74.60
73.60
73.80
70.20
---
75.98
74.59
74.19
72.98
71.53
75.74
74.60
73.52
73.50
70.20
---
figlang_reddit support
---
68.64
64.32
66.36
63.86
66.82
63.86
62.95
65.91
66.14
65.68
---
68.63
64.18
66.05
63.48
66.77
62.72
61.59
65.02
66.09
65.60
---
politifact deny
---
80.95
90.48
92.86
95.24
95.24
95.12
73.17
95.12
78.05
70.73
---
69.12
85.86
91.81
94.95
94.43
94.11
70.66
95.12
75.99
70.71
---
gossipcop deny
---
72.73
73.86
76.76
78.42
76.76
73.03
71.78
75.52
75.52
73.03
---
71.30
72.25
76.47
77.24
75.92
71.37
66.06
72.31
72.31
72.96
---
antivax deny
---
92.63
93.95
92.37
93.68
92.63
94.21
92.89
92.61
93.40
94.46
---
90.62
91.39
89.24
91.33
90.73
91.13
90.42
90.03
91.48
92.32
---
hasoc deny
---
58.33
70.83
66.20
69.01
74.65
67.61
64.79
74.65
63.38
63.38
---
58.30
65.19
65.02
68.96
71.68
65.38
61.05
69.57
58.20
56.05
---
pheme deny
---
83.51
87.56
85.23
84.76
86.16
83.64
87.23
86.92
86.14
84.58
---
82.29
86.30
84.49
84.20
85.17
82.79
86.06
86.53
85.68
83.37
---
twitter15 deny
---
85.45
94.55
94.55
90.74
92.59
90.74
92.59
87.04
92.59
90.74
---
85.41
94.48
94.52
90.71
92.50
90.66
92.50
87.00
92.58
90.58
---
twitter16 deny
---
91.89
97.30
91.67
91.67
100.00
100.00
94.44
94.44
91.67
88.89
---
90.54
97.30
91.50
91.11
100.00
100.00
94.38
94.29
91.66
88.31
---
rumoureval deny
---
73.33
55.56
57.78
64.44
66.67
60.00
65.91
52.27
61.36
63.64
---
72.03
53.98
57.33
64.64
64.53
60.17
66.31
51.90
61.26
60.37
---
figlang_twitter deny
---
76.20
74.60
74.80
73.60
70.80
75.20
74.80
73.80
73.60
70.60
---
76.18
74.59
74.80
73.58
70.75
75.14
74.80
73.73
73.29
70.60
---
figlang_reddit deny
---
68.18
63.64
67.27
63.86
67.27
63.64
62.73
65.00
66.82
66.59
---
68.18
63.44
66.57
63.48
67.24
62.69
61.52
64.04
66.70
66.53
---
politifact makeup
---
80.95
88.10
92.86
90.48
92.86
90.24
90.24
95.12
82.93
73.17
---
69.12
84.13
91.81
89.63
91.46
88.74
89.49
95.12
80.67
73.11
---
gossipcop makeup
---
72.31
73.44
75.93
78.01
77.59
73.03
71.78
75.52
74.27
73.03
---
70.81
71.87
75.67
76.85
76.71
71.37
66.06
72.49
70.21
72.96
---
antivax makeup
---
92.89
94.21
92.63
93.42
92.63
94.47
92.89
92.35
93.93
93.93
---
90.93
91.73
89.65
90.94
90.79
91.49
90.35
89.71
92.16
91.52
---
hasoc makeup
---
61.11
68.06
66.20
63.38
71.83
71.83
59.15
74.65
63.38
63.38
---
60.99
61.87
65.02
62.48
67.84
70.51
54.82
69.57
58.20
56.05
---
pheme makeup
---
83.83
87.40
85.23
84.60
86.16
83.96
87.07
86.76
85.83
84.58
---
82.63
86.11
84.51
84.07
85.22
83.07
85.87
86.37
85.39
83.37
---
twitter15 makeup
---
85.45
94.55
92.73
90.74
92.59
90.74
92.59
87.04
92.59
92.59
---
85.41
94.48
92.67
90.71
92.50
90.66
92.50
87.00
92.58
92.50
---
twitter16 makeup
---
91.89
94.59
91.67
88.89
97.22
100.00
94.44
94.44
91.67
91.67
---
90.54
94.59
91.50
88.31
97.22
100.00
94.38
94.29
91.66
91.11
---
rumoureval makeup
---
73.33
55.56
60.00
62.22
66.67
60.00
59.09
50.00
59.09
63.64
---
72.65
53.98
59.03
62.42
64.53
59.53
59.41
48.56
58.62
60.37
---
figlang_twitter makeup
---
76.00
74.40
74.00
73.40
71.80
75.40
74.20
74.00
73.60
70.80
---
75.98
74.39
73.99
73.38
71.75
75.34
74.20
73.93
73.29
70.80
---
figlang_reddit makeup
---
69.09
63.86
65.45
63.64
66.36
63.86
62.95
65.91
66.59
66.36
---
69.09
63.66
64.80
63.27
66.36
62.95
61.59
65.07
66.53
66.31
---
politifact spread
---
88.10
88.10
90.48
90.48
95.24
87.80
85.37
92.68
73.17
75.61
---
83.00
81.56
89.29
89.63
94.43
86.20
83.73
92.67
71.47
75.60
---
gossipcop spread
---
72.73
74.27
74.69
80.08
75.93
72.20
74.69
76.76
75.10
72.61
---
71.51
72.75
74.11
78.90
75.06
70.23
68.62
73.97
71.75
72.56
---
antivax spread
---
92.63
93.95
92.37
93.68
92.37
94.47
92.37
92.61
93.40
94.20
---
90.62
91.39
89.32
91.33
90.37
91.49
89.64
90.03
91.48
91.99
---
hasoc spread
---
61.11
69.44
66.20
64.79
69.01
56.34
59.15
73.24
60.56
61.97
---
59.09
63.03
65.02
63.75
65.38
56.20
56.97
68.31
53.90
53.71
---
pheme spread
---
83.36
87.40
85.38
84.29
86.31
83.64
87.07
86.29
86.45
83.80
---
82.20
86.08
84.66
83.73
85.35
82.74
85.87
85.89
86.02
82.52
---
twitter15 spread
---
85.45
94.55
92.73
90.74
92.59
90.74
92.59
87.04
90.74
92.59
---
85.41
94.48
92.67
90.71
92.50
90.66
92.50
87.00
90.71
92.50
---
twitter16 spread
---
91.89
97.30
91.67
86.11
100.00
100.00
94.44
94.44
91.67
88.89
---
90.54
97.30
91.50
85.19
100.00
100.00
94.38
94.29
91.66
88.31
---
rumoureval spread
---
75.56
57.78
60.00
53.33
64.44
62.22
59.09
56.82
63.64
63.64
---
74.57
56.28
59.03
53.72
62.54
62.46
58.93
54.68
62.31
60.37
---
figlang_twitter spread
---
76.40
73.80
74.20
73.40
71.40
75.60
72.80
74.20
73.60
70.40
---
76.38
73.79
74.19
73.38
71.36
75.53
72.80
74.14
73.29
70.40
---
figlang_reddit spread
---
68.86
64.09
67.27
64.09
66.82
62.73
62.50
65.00
66.59
66.82
---
68.86
63.85
67.05
63.69
66.62
61.45
60.97
63.86
66.50
66.66
---
politifact rephrase
---
80.95
92.86
92.86
85.71
92.86
90.24
82.93
87.80
85.37
82.93
---
69.12
89.80
91.81
83.93
91.46
88.74
81.33
87.69
83.10
82.89
---
gossipcop rephrase
---
73.14
73.86
75.10
78.84
78.01
73.03
70.54
75.93
73.44
72.20
---
71.68
72.25
74.91
77.63
77.25
71.37
62.42
72.87
69.67
72.08
---
antivax rephrase
---
93.16
94.47
92.37
93.42
92.11
94.74
92.89
92.61
93.40
94.20
---
91.23
92.14
89.32
90.87
90.07
91.93
90.42
90.03
91.48
91.99
---
hasoc rephrase
---
61.11
68.06
67.61
69.01
70.42
60.56
54.93
69.01
67.61
64.79
---
60.00
62.83
66.65
68.51
67.28
58.72
52.82
61.72
64.17
58.30
---
pheme rephrase
---
83.36
87.56
85.23
84.14
85.38
83.33
87.07
86.45
86.14
83.18
---
82.14
86.24
84.49
83.53
84.38
82.46
85.87
86.06
85.69
81.78
---
twitter15 rephrase
---
83.64
96.36
92.73
90.74
92.59
90.74
92.59
87.04
90.74
90.74
---
83.61
96.30
92.67
90.71
92.50
90.66
92.50
87.00
90.71
90.58
---
twitter16 rephrase
---
91.89
94.59
91.67
91.67
97.22
97.22
94.44
94.44
91.67
88.89
---
90.54
94.59
91.50
91.11
97.22
97.17
94.38
94.29
91.66
88.31
---
rumoureval rephrase
---
71.11
60.00
60.00
62.22
68.89
62.22
61.36
54.55
59.09
59.09
---
70.67
59.23
59.03
62.08
66.11
61.70
61.60
53.69
58.47
54.72
---
figlang_twitter rephrase
---
76.60
74.20
73.80
73.20
71.20
75.20
73.20
73.60
73.40
71.00
---
76.58
74.19
73.79
73.18
71.14
75.12
73.20
73.52
73.10
71.00
---
figlang_reddit rephrase
---
68.41
63.41
68.18
64.32
66.82
63.18
63.86
64.55
66.59
66.82
---
68.32
63.15
67.40
63.94
66.72
61.99
62.32
63.27
66.48
66.78
---
politifact rewrite
---
80.95
88.10
92.86
90.48
97.62
95.12
85.37
97.56
80.49
78.05
---
69.12
81.56
91.81
89.63
97.27
94.11
83.73
97.56
78.31
78.05
---
gossipcop rewrite
---
72.31
73.44
76.35
78.84
78.01
73.44
71.78
75.93
74.69
72.20
---
70.92
71.87
76.15
77.72
77.32
71.50
64.19
72.87
71.37
72.11
---
antivax rewrite
---
92.63
93.95
92.11
93.16
92.37
94.47
92.89
92.61
93.67
94.20
---
90.50
91.39
88.91
90.54
90.43
91.49
90.42
90.03
91.80
91.92
---
hasoc rewrite
---
59.72
68.06
67.61
64.79
70.42
64.79
60.56
73.24
64.79
61.97
---
59.08
61.87
66.95
64.08
66.61
62.90
58.72
67.42
60.25
54.97
---
pheme rewrite
---
83.51
87.56
85.07
84.14
85.69
83.80
87.07
86.76
85.98
83.49
---
82.23
86.27
84.32
83.53
84.71
82.94
85.87
86.38
85.54
82.11
---
twitter15 rewrite
---
83.64
94.55
92.73
90.74
92.59
90.74
94.44
87.04
90.74
92.59
---
83.55
94.48
92.67
90.71
92.50
90.66
94.40
87.00
90.71
92.50
---
twitter16 rewrite
---
89.19
97.30
91.67
91.67
100.00
100.00
94.44
94.44
91.67
91.67
---
87.67
97.30
91.50
91.11
100.00
100.00
94.38
94.29
91.66
91.11
---
rumoureval rewrite
---
75.56
55.56
60.00
60.00
64.44
55.56
65.91
54.55
61.36
59.09
---
74.57
53.20
59.03
60.33
62.54
55.31
66.31
55.19
60.44
54.62
---
figlang_twitter rewrite
---
76.40
74.40
74.20
73.00
71.40
75.60
73.20
73.20
73.80
71.20
---
76.38
74.39
74.19
72.98
71.35
75.52
73.20
73.10
73.50
71.20
---
figlang_reddit rewrite
---
69.32
64.32
64.55
64.55
67.95
64.77
62.73
64.32
67.73
65.68
---
69.28
64.04
63.07
64.19
67.87
63.66
61.02
63.07
67.58
65.67
---
politifact modify
---
85.71
90.48
92.86
90.48
92.86
95.12
90.24
97.56
80.49
80.49
---
78.79
84.56
91.81
89.63
91.46
94.11
89.49
97.56
76.44
80.38
---
gossipcop modify
---
72.31
73.44
74.27
79.25
76.76
72.61
70.12
75.93
76.35
71.78
---
70.81
71.75
74.08
78.11
75.92
70.87
62.79
73.04
72.90
71.67
---
antivax modify
---
92.89
94.21
92.11
93.42
92.63
93.95
92.89
92.61
92.88
94.46
---
90.93
91.80
88.91
90.87
90.79
90.68
90.42
90.03
90.86
92.32
---
hasoc modify
---
63.89
68.06
66.20
71.83
76.06
57.75
53.52
74.65
63.38
61.97
---
63.18
62.83
65.37
71.55
72.97
55.77
51.03
69.57
58.20
54.97
---
pheme modify
---
83.36
87.56
85.54
84.14
86.00
83.49
87.07
86.60
86.14
83.49
---
82.11
86.24
84.82
83.53
85.02
82.61
85.87
86.24
85.69
82.08
---
twitter15 modify
---
85.45
94.55
92.73
90.74
92.59
90.74
94.44
87.04
90.74
90.74
---
85.41
94.48
92.67
90.71
92.50
90.66
94.40
87.00
90.71
90.58
---
twitter16 modify
---
86.49
94.59
91.67
91.67
97.22
100.00
94.44
94.44
91.67
91.67
---
84.90
94.59
91.50
91.11
97.22
100.00
94.38
94.29
91.66
91.11
---
rumoureval modify
---
71.11
55.56
60.00
57.78
64.44
62.22
61.36
50.00
59.09
61.36
---
70.27
53.20
59.03
57.96
61.23
62.18
61.79
49.68
58.47
58.60
---
figlang_twitter modify
---
76.20
74.40
74.00
73.00
70.40
75.80
72.40
73.00
73.80
71.20
---
76.18
74.39
74.00
72.98
70.34
75.71
72.40
72.90
73.52
71.20
---
figlang_reddit modify
---
69.09
63.64
67.27
63.86
67.05
62.95
64.09
65.00
67.50
66.59
---
69.07
63.36
66.27
63.48
66.94
61.72
62.52
63.54
67.39
66.58
---
politifact reverse
---
88.10
95.24
92.86
88.10
92.86
95.12
85.37
100.00
80.49
78.05
---
83.00
92.93
91.81
86.83
91.46
94.11
83.73
100.00
77.47
78.05
---
gossipcop reverse
---
72.31
73.86
77.59
79.67
78.01
73.03
74.27
75.93
73.86
73.44
---
71.03
72.37
77.26
78.51
77.25
71.60
69.77
72.87
69.84
73.31
---
antivax reverse
---
92.89
93.68
92.89
93.95
92.37
94.21
92.89
92.61
93.93
94.20
---
90.93
91.06
89.98
91.60
90.49
91.13
90.42
90.03
92.16
91.92
---
hasoc reverse
---
61.11
69.44
67.61
70.42
74.65
63.38
53.52
74.65
63.38
66.20
---
60.35
63.03
66.65
70.21
71.68
59.09
52.15
69.57
58.20
60.48
---
pheme reverse
---
83.05
87.71
85.07
84.14
85.85
83.49
87.07
86.76
86.14
83.80
---
81.81
86.43
84.29
83.55
84.84
82.64
85.87
86.38
85.69
82.58
---
twitter15 reverse
---
83.64
94.55
92.73
90.74
92.59
90.74
92.59
88.89
92.59
90.74
---
83.55
94.48
92.67
90.71
92.50
90.66
92.50
88.87
92.58
90.58
---
twitter16 reverse
---
91.89
97.30
91.67
91.67
97.22
100.00
94.44
94.44
91.67
91.67
---
90.54
97.30
91.50
91.11
97.22
100.00
94.38
94.29
91.66
91.11
---
rumoureval reverse
---
71.11
55.56
60.00
66.67
60.00
62.22
65.91
54.55
59.09
59.09
---
70.12
53.89
59.03
66.72
57.40
61.72
66.31
53.45
58.20
54.72
---
figlang_twitter reverse
---
76.20
74.40
73.80
73.20
71.60
75.40
74.40
73.80
73.80
70.60
---
76.18
74.39
73.79
73.18
71.54
75.33
74.40
73.72
73.52
70.60
---
figlang_reddit reverse
---
67.05
63.64
67.95
64.09
69.77
64.77
61.82
64.32
66.59
65.91
---
66.98
63.47
67.05
63.69
69.58
63.66
60.23
63.07
66.42
65.88
---
politifact remove
---
83.33
85.71
95.24
92.86
95.24
82.93
85.37
87.80
82.93
78.05
---
74.19
81.52
94.64
92.33
94.43
81.33
84.23
87.78
80.67
78.00
---
gossipcop remove
---
72.73
73.44
73.03
79.25
76.76
73.44
72.61
75.93
74.27
70.54
---
71.07
71.87
72.94
78.11
75.92
71.87
66.78
73.35
71.68
70.44
---
antivax remove
---
92.63
93.95
92.63
93.68
93.42
94.21
92.63
92.61
93.40
94.46
---
90.62
91.39
89.65
91.33
91.75
91.13
90.03
90.03
91.54
92.38
---
hasoc remove
---
58.33
72.22
67.61
66.20
76.06
64.79
66.20
73.24
66.20
60.56
---
56.17
66.39
66.95
65.65
73.99
63.36
63.59
68.31
62.23
53.90
---
pheme remove
---
82.89
87.71
85.23
84.45
86.00
83.80
87.23
86.76
85.98
84.27
---
81.59
86.43
84.47
83.86
85.02
82.97
86.06
86.37
85.56
82.81
---
twitter15 remove
---
87.27
96.36
92.73
90.74
92.59
92.59
92.59
92.59
90.74
92.59
---
87.26
96.30
92.67
90.71
92.50
92.55
92.50
92.59
90.71
92.50
---
twitter16 remove
---
91.89
94.59
91.67
91.67
100.00
100.00
94.44
94.44
91.67
91.67
---
90.54
94.59
91.50
91.11
100.00
100.00
94.38
94.29
91.66
91.11
---
rumoureval remove
---
71.11
57.78
62.22
55.56
62.22
66.67
59.09
50.00
61.36
59.09
---
71.15
56.28
60.71
55.70
57.48
66.34
59.12
48.19
60.39
54.72
---
figlang_twitter remove
---
75.80
73.80
74.40
73.60
72.00
75.20
74.40
73.80
73.80
70.80
---
75.78
73.79
74.40
73.58
71.96
75.12
74.40
73.72
73.52
70.80
---
figlang_reddit remove
---
67.73
64.09
64.77
64.32
67.50
62.95
60.91
63.64
66.14
67.05
---
67.72
63.88
63.88
63.94
67.43
61.78
59.43
62.33
66.10
67.00
---
politifact repeat
---
80.95
83.33
90.48
92.86
90.48
87.80
82.93
92.68
82.93
68.29
---
71.72
79.04
89.29
92.33
88.86
86.20
81.85
92.68
80.67
68.22
---
gossipcop repeat
---
73.55
73.86
73.86
78.42
75.52
73.44
72.20
75.52
75.93
71.78
---
72.06
72.25
73.74
77.41
74.67
71.63
65.84
72.49
73.35
71.64
---
antivax repeat
---
92.63
93.95
91.58
93.95
92.89
94.47
92.89
92.61
93.67
94.46
---
90.62
91.39
88.26
91.72
91.04
91.57
90.42
90.10
91.85
92.38
---
hasoc repeat
---
58.33
72.22
69.01
66.20
74.65
64.79
66.20
73.24
66.20
60.56
---
56.17
66.39
67.94
65.65
72.69
63.75
63.59
68.31
62.96
53.90
---
pheme repeat
---
83.51
87.71
85.07
84.45
86.00
83.49
87.23
86.60
85.67
82.87
---
82.32
86.48
84.29
83.86
84.99
82.61
86.06
86.21
85.25
81.44
---
twitter15 repeat
---
89.09
96.36
92.73
90.74
92.59
92.59
94.44
88.89
92.59
92.59
---
89.06
96.30
92.67
90.71
92.50
92.55
94.40
88.89
92.58
92.50
---
twitter16 repeat
---
89.19
94.59
88.89
91.67
100.00
97.22
94.44
94.44
91.67
91.67
---
87.67
94.59
88.57
91.11
100.00
97.20
94.38
94.29
91.66
91.11
---
rumoureval repeat
---
66.67
57.78
60.00
60.00
68.89
62.22
63.64
50.00
54.55
56.82
---
66.67
56.39
59.03
60.22
67.38
61.65
63.71
45.46
53.45
52.38
---
figlang_twitter repeat
---
75.80
73.80
74.20
74.20
71.60
75.00
74.20
74.00
74.00
70.80
---
75.79
73.79
74.19
74.18
71.55
74.93
74.20
73.93
73.72
70.80
---
figlang_reddit repeat
---
69.09
64.55
65.68
63.86
67.27
64.55
61.36
64.32
67.27
67.05
---
69.09
64.36
65.10
63.48
67.25
63.68
60.24
63.13
67.27
66.97
---
