politifact vanilla
---
59.52
80.95
88.10
76.19
90.48
82.93
68.29
80.49
87.80
70.73
---
59.50
76.67
87.76
76.14
89.29
81.85
67.60
80.19
84.00
70.29
---
gossipcop vanilla
---
69.01
66.80
71.37
74.27
75.10
68.05
70.95
70.54
70.95
73.44
---
68.92
66.68
71.37
73.90
74.03
67.24
70.17
68.15
69.23
73.34
---
antivax vanilla
---
93.95
95.26
92.63
93.16
93.68
91.32
91.32
92.35
92.88
93.14
---
91.96
93.12
88.81
90.54
91.69
86.08
87.55
90.12
90.97
89.97
---
hasoc vanilla
---
59.72
65.28
73.24
50.70
70.42
76.06
53.52
70.42
60.56
66.20
---
53.13
50.86
70.40
46.46
58.55
71.65
48.58
58.55
47.90
59.43
---
pheme vanilla
---
81.96
86.00
86.00
83.67
85.85
84.58
87.38
84.89
83.80
87.07
---
80.48
84.55
84.94
82.35
84.05
83.68
85.86
84.19
82.81
85.87
---
twitter15 vanilla
---
76.36
83.64
85.45
87.04
88.89
88.89
85.19
90.74
85.19
94.44
---
76.24
83.64
85.41
87.03
88.87
88.75
84.66
90.71
84.85
94.43
---
twitter16 vanilla
---
75.68
81.08
72.22
61.11
88.89
86.11
77.78
77.78
72.22
72.22
---
74.48
80.57
71.88
60.63
88.57
86.10
75.92
77.78
69.90
72.14
---
rumoureval vanilla
---
60.00
46.67
64.44
62.22
55.56
53.33
68.18
50.00
65.91
65.91
---
54.30
45.46
60.05
61.17
46.23
52.77
64.52
46.04
64.95
59.45
---
figlang_twitter vanilla
---
75.20
75.20
74.40
73.60
71.80
73.40
76.60
73.40
70.40
76.20
---
75.06
75.15
74.38
73.50
71.79
73.39
76.29
73.40
70.34
76.18
---
figlang_reddit vanilla
---
69.77
67.50
65.68
66.59
62.27
65.23
69.09
62.73
68.86
59.09
---
69.77
66.95
64.60
66.56
60.63
64.55
68.95
62.71
68.85
58.92
---
politifact as_publisher
---
57.14
83.33
90.48
76.19
88.10
87.80
70.73
78.05
87.80
75.61
---
57.05
79.04
90.12
76.19
86.35
86.66
70.29
77.57
84.89
74.88
---
gossipcop as_publisher
---
70.25
69.29
71.78
72.20
70.12
68.88
75.93
69.29
74.69
70.12
---
69.23
67.97
71.64
70.84
67.11
66.19
74.29
65.16
72.50
69.32
---
antivax as_publisher
---
94.21
95.53
92.11
93.95
93.16
91.84
92.11
92.35
93.67
94.20
---
92.33
93.59
88.01
91.66
91.00
87.19
88.63
90.05
91.95
91.59
---
hasoc as_publisher
---
58.33
65.28
71.83
54.93
69.01
71.83
54.93
70.42
59.15
61.97
---
49.58
50.86
67.07
47.31
53.51
66.19
45.90
54.50
45.02
54.97
---
pheme as_publisher
---
83.83
87.25
86.47
83.67
85.07
84.58
85.98
82.87
83.80
85.51
---
82.50
85.87
85.62
82.62
83.15
83.82
84.23
82.04
82.92
84.23
---
twitter15 as_publisher
---
76.36
81.82
78.18
88.89
87.04
88.89
83.33
85.19
83.33
92.59
---
76.24
81.81
78.12
88.87
87.03
88.75
82.86
85.00
82.86
92.55
---
twitter16 as_publisher
---
70.27
81.08
75.00
63.89
80.56
86.11
77.78
77.78
72.22
69.44
---
69.47
80.57
74.51
63.64
79.26
86.10
75.00
77.78
69.90
69.23
---
rumoureval as_publisher
---
66.67
44.44
64.44
60.00
53.33
57.78
65.91
50.00
61.36
63.64
---
62.07
42.86
59.09
59.05
38.05
56.68
60.75
45.96
59.94
53.06
---
figlang_twitter as_publisher
---
75.00
75.80
74.40
72.20
72.20
76.40
75.40
73.60
70.00
74.80
---
74.60
75.79
74.39
72.08
72.19
76.39
75.20
73.56
70.00
74.74
---
figlang_reddit as_publisher
---
69.55
66.36
63.86
66.82
60.91
64.09
69.09
62.95
68.64
60.68
---
69.55
66.05
62.46
66.79
59.50
63.16
69.01
62.95
68.63
60.49
---
politifact echo
---
61.90
88.10
85.71
83.33
88.10
85.37
73.17
80.49
97.56
78.05
---
61.82
84.13
85.18
83.25
86.35
84.23
72.91
80.19
96.57
77.84
---
gossipcop echo
---
68.60
65.98
72.20
72.61
70.54
70.12
73.44
70.12
75.10
73.86
---
66.95
64.38
72.04
70.87
66.89
66.53
71.63
65.16
72.74
72.87
---
antivax echo
---
93.42
95.00
92.63
93.68
94.21
90.79
91.58
93.40
92.35
94.72
---
91.20
92.83
88.71
91.26
92.44
85.09
87.88
91.31
90.30
92.42
---
hasoc echo
---
59.72
68.06
77.46
57.75
73.24
73.24
60.56
73.24
61.97
63.38
---
54.20
58.17
75.73
54.49
63.98
69.10
58.72
66.42
53.71
59.09
---
pheme echo
---
81.96
86.16
85.23
83.05
85.23
83.96
86.92
85.20
84.74
85.05
---
80.13
84.58
84.06
81.74
83.27
82.99
85.18
84.52
83.72
83.37
---
twitter15 echo
---
76.36
89.09
78.18
87.04
85.19
90.74
83.33
90.74
85.19
85.19
---
76.24
89.06
78.17
87.03
85.16
90.58
82.61
90.71
84.85
85.10
---
twitter16 echo
---
81.08
83.78
75.00
61.11
83.33
83.33
80.56
75.00
77.78
72.22
---
79.59
83.48
74.83
60.63
82.47
83.28
78.55
74.98
76.62
72.14
---
rumoureval echo
---
64.44
48.89
60.00
68.89
60.00
53.33
70.45
47.73
65.91
68.18
---
59.69
46.27
54.56
67.70
53.09
51.96
67.96
39.59
63.35
65.03
---
figlang_twitter echo
---
76.00
74.40
76.00
71.20
68.80
74.60
75.00
76.00
74.80
76.20
---
75.94
74.28
76.00
71.01
68.64
74.54
74.22
75.96
74.62
76.19
---
figlang_reddit echo
---
66.82
68.18
67.27
66.36
64.77
67.27
69.32
63.64
69.77
62.05
---
66.45
68.03
66.94
66.16
64.49
67.08
69.25
63.36
69.76
62.05
---
politifact support
---
54.76
83.33
88.10
78.57
85.71
87.80
65.85
80.49
90.24
73.17
---
54.74
79.04
87.52
78.56
84.44
86.66
64.83
80.19
87.58
72.58
---
gossipcop support
---
68.60
61.41
74.69
73.86
73.44
65.98
73.44
69.71
73.44
74.27
---
68.52
61.41
74.65
73.33
72.09
64.75
72.80
67.09
71.98
74.08
---
antivax support
---
94.21
94.74
90.53
93.95
93.68
92.37
92.89
94.20
93.40
94.46
---
92.28
92.42
85.20
91.60
91.75
88.02
89.90
92.48
91.64
92.00
---
hasoc support
---
56.94
65.28
69.01
54.93
71.83
71.83
56.34
73.24
59.15
63.38
---
49.90
52.82
64.63
49.65
59.66
67.07
49.58
62.50
45.02
56.05
---
pheme support
---
81.34
86.47
86.31
83.98
85.38
84.11
86.92
84.11
83.33
87.07
---
79.77
85.08
85.27
82.65
83.54
83.22
85.18
83.27
82.24
85.84
---
twitter15 support
---
80.00
87.27
80.00
87.04
87.04
85.19
85.19
88.89
83.33
94.44
---
79.89
87.26
79.97
87.03
87.03
84.85
84.66
88.83
82.86
94.43
---
twitter16 support
---
67.57
83.78
75.00
66.67
88.89
80.56
80.56
75.00
75.00
63.89
---
66.96
83.48
74.83
66.25
88.57
80.42
78.55
74.98
73.33
63.18
---
rumoureval support
---
60.00
44.44
64.44
66.67
57.78
60.00
68.18
54.55
68.18
61.36
---
53.08
42.42
58.70
66.04
51.67
60.10
64.52
51.02
65.98
51.40
---
figlang_twitter support
---
78.20
74.20
76.60
73.40
71.80
76.40
77.20
76.00
70.00
75.80
---
78.05
74.19
76.58
73.28
71.80
76.39
76.97
76.00
69.94
75.74
---
figlang_reddit support
---
67.95
66.59
65.45
67.05
64.09
64.77
69.09
62.50
69.32
61.36
---
67.95
66.10
64.27
67.02
62.52
64.13
69.00
62.50
69.30
61.01
---
politifact deny
---
52.38
80.95
88.10
78.57
88.10
92.68
78.05
78.05
95.12
78.05
---
51.95
76.67
87.76
78.56
86.83
91.37
78.00
77.84
92.88
77.84
---
gossipcop deny
---
64.88
62.24
67.22
68.88
73.86
62.66
64.32
66.80
68.88
68.05
---
64.70
61.65
67.14
68.88
73.39
62.51
64.31
66.09
68.66
67.97
---
antivax deny
---
93.68
95.53
92.89
93.95
92.63
93.68
90.79
91.03
93.40
94.20
---
91.91
93.74
89.36
91.90
90.68
90.75
87.76
89.05
91.88
91.92
---
hasoc deny
---
59.72
73.61
73.24
52.11
74.65
70.42
57.75
74.65
59.15
64.79
---
53.13
64.14
70.40
47.52
65.20
65.84
49.29
65.20
47.00
60.25
---
pheme deny
---
81.18
84.29
84.76
79.78
86.00
80.37
85.83
82.71
82.55
79.44
---
80.38
83.46
84.12
79.42
84.45
80.03
84.48
82.52
82.03
78.86
---
twitter15 deny
---
80.00
92.73
80.00
88.89
90.74
87.04
81.48
83.33
77.78
94.44
---
79.97
92.67
79.97
88.87
90.71
86.82
81.07
83.05
76.62
94.43
---
twitter16 deny
---
86.49
81.08
72.22
72.22
91.67
86.11
83.33
77.78
77.78
69.44
---
84.90
80.86
72.14
72.22
91.61
86.10
81.94
77.71
76.62
69.42
---
rumoureval deny
---
62.22
48.89
62.22
51.11
64.44
62.22
68.18
56.82
63.64
68.18
---
59.43
47.78
60.14
49.46
60.57
61.11
66.90
56.44
64.68
61.52
---
figlang_twitter deny
---
75.80
75.60
74.20
71.00
71.60
72.00
76.20
74.60
69.60
75.40
---
75.64
75.55
74.12
70.82
71.60
71.80
75.59
74.58
69.38
75.39
---
figlang_reddit deny
---
68.64
67.73
67.27
65.23
65.00
67.05
71.14
65.68
69.77
61.14
---
68.45
67.69
67.16
65.15
64.09
66.86
71.12
65.55
69.76
61.03
---
politifact makeup
---
57.14
80.95
88.10
76.19
88.10
87.80
75.61
78.05
95.12
70.73
---
57.05
76.67
87.52
76.19
86.35
86.66
75.48
77.57
93.39
70.29
---
gossipcop makeup
---
67.36
66.39
71.78
73.44
72.61
70.54
73.86
69.71
71.37
71.37
---
67.00
66.33
71.78
72.94
70.47
68.59
72.87
67.56
69.74
71.08
---
antivax makeup
---
93.68
95.79
90.53
93.16
93.95
91.32
92.11
93.40
93.14
94.20
---
91.58
93.89
84.90
90.46
92.07
86.36
88.34
91.37
91.23
91.59
---
hasoc makeup
---
59.72
66.67
70.42
57.75
73.24
69.01
61.97
70.42
59.15
64.79
---
54.20
51.79
67.28
52.79
62.50
63.78
57.07
56.67
47.00
58.30
---
pheme makeup
---
80.40
86.47
85.07
82.89
86.00
84.42
86.29
84.11
82.55
85.51
---
78.80
84.96
83.96
81.98
84.13
83.69
84.72
83.67
81.63
84.17
---
twitter15 makeup
---
76.36
89.09
81.82
85.19
83.33
85.19
87.04
87.04
81.48
92.59
---
76.08
89.06
81.81
85.19
83.33
84.85
86.67
86.92
81.07
92.58
---
twitter16 makeup
---
91.89
89.19
80.56
72.22
91.67
86.11
83.33
80.56
80.56
69.44
---
90.54
89.12
80.54
72.22
91.50
86.10
81.94
80.42
79.79
69.23
---
rumoureval makeup
---
73.33
46.67
64.44
62.22
62.22
64.44
63.64
47.73
75.00
68.18
---
71.35
44.40
61.83
61.14
55.65
64.34
60.69
45.17
74.36
61.39
---
figlang_twitter makeup
---
75.20
72.00
76.20
70.60
73.80
73.60
74.80
76.20
68.40
77.00
---
75.07
71.98
76.20
70.55
73.79
73.57
74.33
76.20
68.39
76.98
---
figlang_reddit makeup
---
69.09
67.27
68.18
65.00
65.00
67.27
69.55
63.41
69.09
61.36
---
68.72
67.16
67.94
64.86
64.34
67.10
69.53
63.20
69.05
61.36
---
politifact spread
---
61.90
80.95
92.86
76.19
90.48
87.80
70.73
78.05
90.24
80.49
---
61.82
76.67
92.51
76.14
88.86
86.66
70.29
77.57
87.58
80.19
---
gossipcop spread
---
71.07
69.29
70.95
72.20
70.54
70.95
73.03
70.54
71.37
70.54
---
69.89
67.97
70.84
70.09
67.09
67.84
70.98
64.70
67.62
69.70
---
antivax spread
---
93.68
95.79
92.11
93.42
93.16
91.05
91.84
93.67
92.88
93.67
---
91.58
93.94
87.78
90.94
90.94
85.43
88.21
91.80
90.86
90.74
---
hasoc spread
---
63.89
69.44
69.01
53.52
71.83
71.83
56.34
76.06
60.56
60.56
---
59.38
60.68
66.04
49.52
62.79
66.19
53.34
67.77
47.90
53.90
---
pheme spread
---
82.89
86.31
86.16
83.36
85.07
85.36
86.60
83.64
83.80
84.89
---
81.31
84.59
85.06
81.91
83.03
84.39
84.86
82.69
82.67
83.21
---
twitter15 spread
---
80.00
92.73
83.64
88.89
87.04
92.59
83.33
92.59
85.19
90.74
---
79.97
92.67
83.61
88.87
87.00
92.55
82.61
92.58
84.85
90.74
---
twitter16 spread
---
81.08
83.78
83.33
66.67
80.56
88.89
83.33
77.78
75.00
69.44
---
79.59
83.48
83.33
66.56
79.26
88.89
81.94
77.78
73.33
69.42
---
rumoureval spread
---
62.22
51.11
66.67
62.22
53.33
48.89
63.64
47.73
70.45
61.36
---
54.32
50.25
61.43
61.04
38.05
46.75
58.92
42.05
66.90
51.40
---
figlang_twitter spread
---
76.40
76.00
77.60
74.00
70.80
72.60
77.60
76.40
71.60
77.00
---
76.33
75.80
77.56
73.67
70.40
72.56
77.15
76.37
71.13
76.99
---
figlang_reddit spread
---
66.14
65.45
66.36
66.59
61.82
65.23
69.55
66.14
67.27
59.77
---
66.12
64.50
65.59
66.57
60.77
64.24
69.27
66.13
67.27
59.62
---
politifact rephrase
---
73.81
88.10
90.48
90.48
97.62
97.56
85.37
90.24
95.12
85.37
---
71.88
83.00
89.90
90.28
97.27
97.12
85.36
90.24
92.88
85.14
---
gossipcop rephrase
---
70.66
69.29
72.61
71.78
72.61
70.95
73.44
72.61
74.69
71.78
---
70.39
69.25
72.59
71.37
71.11
69.81
72.94
70.47
73.55
71.70
---
antivax rephrase
---
94.74
96.84
92.37
95.26
94.74
93.68
92.11
93.93
93.14
94.99
---
93.12
95.53
88.47
93.64
93.30
90.41
89.00
92.36
91.49
93.00
---
hasoc rephrase
---
62.50
65.28
81.69
60.56
67.61
71.83
60.56
77.46
64.79
67.61
---
58.24
59.60
80.95
59.92
57.97
68.53
59.20
73.65
55.81
65.38
---
pheme rephrase
---
83.20
86.63
86.78
83.67
86.78
83.64
87.38
85.36
82.55
84.89
---
82.05
85.50
85.95
83.14
85.24
83.08
86.10
85.08
81.94
84.01
---
twitter15 rephrase
---
76.36
89.09
85.45
88.89
90.74
85.19
83.33
81.48
77.78
92.59
---
76.24
89.06
85.41
88.89
90.74
84.85
82.86
80.82
76.62
92.55
---
twitter16 rephrase
---
81.08
86.49
75.00
75.00
86.11
86.11
83.33
80.56
80.56
72.22
---
79.59
86.33
74.83
74.98
85.57
86.10
81.25
80.54
79.79
72.14
---
rumoureval rephrase
---
68.89
57.78
68.89
64.44
55.56
60.00
68.18
56.82
70.45
68.18
---
66.94
58.08
65.25
62.54
50.51
59.75
67.73
56.00
69.43
65.03
---
figlang_twitter rephrase
---
80.40
76.00
76.80
74.40
73.60
73.00
78.60
76.00
71.20
78.80
---
80.29
76.00
76.80
74.40
73.21
72.99
78.46
75.85
71.17
78.77
---
figlang_reddit rephrase
---
70.45
70.00
65.68
67.73
66.59
70.23
72.05
67.27
68.18
66.82
---
70.42
69.80
65.21
67.68
65.03
69.60
72.03
67.22
68.12
66.66
---
politifact rewrite
---
71.43
85.71
85.71
83.33
95.24
87.80
80.49
85.37
95.12
82.93
---
70.83
81.52
85.42
83.25
94.64
86.20
80.48
85.29
93.79
82.55
---
gossipcop rewrite
---
64.88
71.37
75.93
71.37
71.78
69.71
73.86
71.78
70.12
67.63
---
63.37
69.97
75.75
70.29
67.99
67.25
72.01
67.09
66.73
66.85
---
antivax rewrite
---
93.42
95.53
90.53
93.16
93.16
93.42
91.58
94.20
92.88
92.61
---
91.20
93.42
84.74
90.39
90.94
89.56
87.67
92.38
90.92
89.01
---
hasoc rewrite
---
59.72
68.06
76.06
60.56
73.24
70.42
59.15
74.65
61.97
66.20
---
54.20
62.83
74.41
58.16
63.98
67.28
57.50
67.66
52.28
62.96
---
pheme rewrite
---
81.49
87.09
86.63
83.67
86.16
83.64
86.60
85.20
83.33
84.27
---
80.10
85.83
85.66
82.88
84.54
83.04
85.03
84.76
82.44
83.21
---
twitter15 rewrite
---
76.36
89.09
80.00
87.04
88.89
87.04
85.19
85.19
77.78
87.04
---
76.08
89.06
79.97
87.03
88.87
86.82
84.66
85.00
76.62
86.82
---
twitter16 rewrite
---
75.68
83.78
77.78
66.67
91.67
86.11
88.89
80.56
80.56
69.44
---
74.48
83.68
77.71
66.56
91.50
86.10
87.96
80.54
79.79
69.42
---
rumoureval rewrite
---
66.67
51.11
66.67
62.22
57.78
60.00
70.45
63.64
68.18
63.64
---
63.65
50.05
62.20
59.74
52.15
60.17
69.27
62.63
67.08
53.29
---
figlang_twitter rewrite
---
74.80
75.60
76.20
71.60
73.40
75.00
77.80
76.60
71.80
75.20
---
74.35
75.59
76.13
71.56
72.91
74.81
77.73
76.29
71.70
74.99
---
figlang_reddit rewrite
---
69.55
69.32
70.23
65.91
66.82
69.55
71.36
68.41
67.73
64.32
---
69.54
68.99
69.75
65.88
64.69
68.97
71.28
68.41
67.56
63.83
---
politifact modify
---
64.29
88.10
85.71
83.33
90.48
90.24
78.05
82.93
95.12
82.93
---
64.10
84.13
85.42
83.25
89.29
89.15
78.00
82.76
93.39
82.55
---
gossipcop modify
---
72.73
69.71
72.61
75.93
74.27
69.29
72.61
69.29
72.61
73.44
---
72.41
69.02
72.53
75.29
72.12
67.48
71.43
65.80
70.32
73.11
---
antivax modify
---
94.21
95.79
90.26
93.42
94.47
92.11
91.84
94.46
92.35
92.88
---
92.33
93.89
84.56
90.72
92.81
87.66
88.10
92.65
90.30
89.45
---
hasoc modify
---
58.33
63.89
69.01
60.56
74.65
64.79
59.15
73.24
61.97
67.61
---
54.04
56.30
66.04
58.16
67.66
58.30
56.97
66.42
50.66
63.43
---
pheme modify
---
80.56
87.71
86.78
83.83
86.31
83.49
86.60
85.51
83.18
83.02
---
79.17
86.62
85.86
83.06
84.77
82.89
85.16
85.07
82.29
82.03
---
twitter15 modify
---
74.55
90.91
81.82
87.04
87.04
85.19
83.33
81.48
81.48
90.74
---
74.33
90.86
81.76
87.03
87.03
84.85
82.86
81.07
80.82
90.66
---
twitter16 modify
---
78.38
83.78
75.00
63.89
91.67
83.33
80.56
80.56
75.00
66.67
---
77.02
83.48
74.83
63.64
91.50
83.28
78.55
80.54
73.33
66.25
---
rumoureval modify
---
71.11
51.11
60.00
55.56
57.78
48.89
72.73
63.64
65.91
68.18
---
67.54
49.90
55.69
53.79
47.94
48.73
72.21
62.32
64.82
65.03
---
figlang_twitter modify
---
74.80
76.20
77.40
71.60
74.60
74.00
79.00
75.60
71.80
78.40
---
74.52
76.20
77.40
71.59
74.31
73.97
78.80
75.41
71.79
78.30
---
figlang_reddit modify
---
70.45
70.00
67.27
66.14
65.23
70.68
71.59
69.32
67.95
64.32
---
70.42
69.77
67.08
66.09
63.29
70.28
71.57
69.32
67.65
63.66
---
politifact reverse
---
47.62
80.95
85.71
78.57
80.95
87.80
63.41
78.05
92.68
78.05
---
47.14
76.67
85.42
78.56
79.81
86.66
61.97
77.18
90.40
77.18
---
gossipcop reverse
---
65.29
67.22
71.37
65.98
73.03
64.32
65.98
69.71
70.12
69.29
---
65.17
67.21
71.37
65.95
71.71
64.24
65.80
68.35
69.80
69.28
---
antivax reverse
---
95.00
96.32
89.21
93.68
93.16
92.63
91.84
92.61
92.61
92.08
---
93.40
94.78
82.71
91.20
91.00
88.49
88.21
90.37
90.67
88.22
---
hasoc reverse
---
61.11
61.11
78.87
59.15
71.83
70.42
59.15
73.24
63.38
61.97
---
55.28
51.54
77.74
57.50
61.33
65.84
56.35
65.28
54.75
57.93
---
pheme reverse
---
82.58
87.25
86.47
85.69
85.85
84.74
85.83
85.05
83.64
83.80
---
81.26
85.98
85.43
84.97
84.05
83.97
84.29
84.56
82.79
82.61
---
twitter15 reverse
---
76.36
85.45
81.82
88.89
88.89
85.19
83.33
79.63
79.63
90.74
---
75.85
85.45
81.81
88.89
88.89
84.85
82.86
78.75
78.75
90.66
---
twitter16 reverse
---
75.68
83.78
77.78
66.67
94.44
86.11
83.33
77.78
75.00
72.22
---
74.48
83.48
77.71
66.56
94.38
86.10
81.25
77.78
73.33
72.14
---
rumoureval reverse
---
71.11
55.56
62.22
60.00
62.22
60.00
61.36
61.36
61.36
70.45
---
66.80
55.05
58.63
60.47
61.83
59.76
59.69
58.47
61.20
66.89
---
figlang_twitter reverse
---
72.60
75.60
75.40
69.80
72.20
72.60
75.20
75.20
68.80
73.80
---
71.93
75.58
75.40
69.76
71.45
72.21
75.19
74.44
68.10
73.43
---
figlang_reddit reverse
---
70.45
69.09
66.82
67.50
64.09
67.27
69.77
66.14
66.36
64.32
---
70.43
68.58
65.96
67.50
61.31
66.21
69.56
66.13
65.89
63.42
---
politifact remove
---
83.33
92.86
95.24
90.48
95.24
87.80
90.24
92.68
95.12
87.80
---
80.90
89.80
94.81
89.90
94.43
84.89
90.19
92.67
92.88
87.69
---
gossipcop remove
---
66.94
71.78
72.20
75.10
74.27
71.78
73.86
72.20
68.88
70.95
---
65.34
71.03
72.08
73.84
71.98
68.93
72.13
68.56
66.01
70.40
---
antivax remove
---
93.95
96.32
93.16
94.74
94.74
93.42
93.42
94.72
93.67
95.78
---
92.01
94.70
89.89
92.88
93.26
89.87
90.94
93.16
92.00
94.08
---
hasoc remove
---
68.06
68.06
73.24
71.83
70.42
74.65
63.38
77.46
64.79
67.61
---
65.09
64.43
72.45
71.83
63.99
72.22
63.02
74.28
58.30
65.87
---
pheme remove
---
82.74
87.09
86.31
83.36
86.16
83.80
86.92
83.64
84.42
84.74
---
81.47
85.83
85.14
82.32
84.32
82.99
85.21
83.18
83.55
83.24
---
twitter15 remove
---
80.00
89.09
85.45
85.19
87.04
87.04
87.04
90.74
83.33
88.89
---
79.97
89.00
85.41
85.16
87.00
86.82
86.48
90.74
83.05
88.83
---
twitter16 remove
---
94.59
89.19
86.11
86.11
97.22
94.44
88.89
88.89
94.44
83.33
---
93.15
89.18
85.84
85.57
97.20
94.38
88.57
88.75
94.43
82.86
---
rumoureval remove
---
71.11
57.78
68.89
64.44
60.00
66.67
68.18
61.36
63.64
72.73
---
73.35
57.53
66.09
63.61
55.37
66.59
66.00
56.51
63.29
68.63
---
figlang_twitter remove
---
79.80
77.40
77.20
74.60
74.20
77.40
79.60
76.60
72.60
77.80
---
79.70
77.38
77.19
74.60
74.04
77.31
79.39
76.48
72.54
77.75
---
figlang_reddit remove
---
68.64
67.95
65.91
67.50
60.23
68.41
70.45
65.00
67.73
62.50
---
68.59
67.52
65.31
67.44
58.90
67.75
70.32
64.99
67.66
62.29
---
politifact repeat
---
83.33
88.10
88.10
80.95
85.71
80.49
85.37
87.80
97.56
92.68
---
81.57
83.00
86.83
80.24
83.29
75.15
85.29
87.78
96.57
92.67
---
gossipcop repeat
---
63.64
68.46
70.95
72.61
70.12
69.29
75.10
68.46
65.98
70.12
---
61.25
67.86
70.59
71.11
66.92
66.19
73.15
63.48
62.33
69.40
---
antivax repeat
---
93.95
95.79
93.68
93.16
95.00
93.42
92.37
94.72
92.61
95.25
---
92.07
93.99
90.83
90.75
93.57
90.06
89.56
93.25
90.72
93.34
---
hasoc repeat
---
65.28
66.67
76.06
73.24
70.42
74.65
66.20
76.06
66.20
71.83
---
62.68
63.23
75.09
73.22
63.99
72.22
66.03
72.35
60.48
70.51
---
pheme repeat
---
80.72
86.31
82.43
81.34
84.91
82.40
85.67
82.55
82.87
81.78
---
79.39
85.11
81.20
80.45
82.96
81.66
83.95
82.16
81.98
80.28
---
twitter15 repeat
---
80.00
90.91
81.82
85.19
83.33
81.48
85.19
83.33
81.48
88.89
---
79.97
90.86
81.81
85.10
83.33
81.07
84.42
83.19
81.07
88.83
---
twitter16 repeat
---
89.19
91.89
83.33
80.56
97.22
94.44
86.11
88.89
91.67
86.11
---
86.30
91.89
82.86
80.17
97.20
94.38
85.57
88.75
91.61
86.01
---
rumoureval repeat
---
68.89
51.11
60.00
60.00
55.56
53.33
63.64
54.55
59.09
70.45
---
61.56
51.68
58.21
58.14
51.65
53.30
61.81
51.03
58.91
62.63
---
figlang_twitter repeat
---
80.60
76.00
73.60
75.60
73.20
78.00
78.80
76.60
73.60
77.40
---
80.54
76.00
73.58
75.54
73.17
77.99
78.57
76.53
73.39
77.40
---
figlang_reddit repeat
---
69.09
68.86
67.27
67.27
60.68
68.64
69.55
66.14
69.55
64.32
---
69.09
68.62
67.10
67.14
59.91
68.23
69.51
66.12
69.53
64.30
---
