politifact vanilla
---
71.43
80.95
57.14
80.95
78.57
75.61
63.41
65.85
75.61
65.85
---
69.71
73.75
53.33
80.24
71.43
72.88
61.97
65.34
68.94
65.83
---
gossipcop vanilla
---
62.40
68.05
56.85
66.39
70.12
70.12
71.78
67.63
72.20
68.46
---
54.47
65.63
45.23
60.66
66.10
63.45
66.59
59.69
67.21
65.47
---
antivax vanilla
---
89.21
94.74
88.68
93.16
91.32
91.32
91.32
92.08
91.29
92.08
---
85.46
92.55
84.17
90.46
88.46
87.55
88.30
89.61
88.76
89.23
---
hasoc vanilla
---
59.72
70.83
57.75
53.52
73.24
63.38
63.38
64.79
54.93
57.75
---
55.15
61.81
56.28
43.42
70.93
49.73
61.15
52.60
42.51
51.77
---
pheme vanilla
---
77.60
81.65
81.80
80.25
79.16
79.91
79.91
81.15
78.19
79.91
---
76.33
80.64
80.26
78.91
77.28
78.49
78.17
80.53
76.97
78.17
---
twitter15 vanilla
---
76.36
92.73
83.64
81.48
85.19
68.52
68.52
79.63
61.11
72.22
---
75.85
92.67
83.55
80.52
85.00
68.25
68.51
79.57
59.43
72.14
---
twitter16 vanilla
---
83.78
75.68
75.00
86.11
88.89
72.22
86.11
69.44
69.44
58.33
---
80.59
75.39
74.83
85.57
88.85
71.88
85.57
68.84
69.23
58.04
---
rumoureval vanilla
---
57.78
37.78
37.78
60.00
44.44
55.56
45.45
31.82
36.36
54.55
---
41.36
29.65
29.12
55.56
24.13
55.71
39.57
24.98
31.82
40.38
---
figlang_twitter vanilla
---
74.20
70.80
72.80
73.60
70.00
66.40
70.20
72.40
69.00
73.40
---
74.19
70.65
72.78
73.49
69.86
66.09
70.10
72.40
69.00
73.38
---
figlang_reddit vanilla
---
60.91
63.64
60.91
56.59
59.32
59.32
62.05
59.09
56.82
60.45
---
60.22
62.64
60.65
51.14
52.66
59.24
61.49
57.05
52.26
59.80
---
politifact as_publisher
---
69.05
83.33
54.76
76.19
66.67
78.05
68.29
65.85
78.05
58.54
---
66.77
76.19
51.43
75.69
50.51
75.15
67.60
65.34
71.19
58.44
---
gossipcop as_publisher
---
62.40
66.39
56.02
68.88
70.54
70.12
72.61
65.15
72.20
67.22
---
52.83
64.17
43.62
63.57
66.24
63.45
67.32
56.98
66.96
64.20
---
antivax as_publisher
---
90.53
93.68
88.42
93.42
91.84
91.58
91.84
93.40
91.29
91.56
---
87.37
91.13
83.98
90.72
89.38
87.88
88.84
91.37
88.68
88.43
---
hasoc as_publisher
---
56.94
70.83
64.79
53.52
73.24
64.79
57.75
70.42
57.75
54.93
---
54.40
60.37
61.75
43.42
68.31
52.60
52.79
60.19
44.18
47.31
---
pheme as_publisher
---
77.92
81.03
81.65
80.09
78.23
80.06
81.62
81.15
78.97
80.37
---
76.63
79.92
80.11
78.69
76.35
78.60
80.13
80.53
77.77
78.62
---
twitter15 as_publisher
---
70.91
92.73
85.45
81.48
87.04
77.78
68.52
81.48
68.52
75.93
---
69.19
92.67
85.41
80.82
86.92
77.50
68.51
81.46
67.62
75.72
---
twitter16 as_publisher
---
86.49
72.97
72.22
86.11
83.33
80.56
86.11
66.67
75.00
63.89
---
83.38
72.79
71.88
85.57
83.12
80.54
85.57
66.56
74.98
63.64
---
rumoureval as_publisher
---
57.78
40.00
42.22
62.22
46.67
57.78
54.55
31.82
36.36
47.73
---
41.48
31.35
32.30
59.33
30.41
57.90
48.75
20.80
35.30
34.76
---
figlang_twitter as_publisher
---
74.60
70.80
71.80
73.80
70.40
66.80
72.40
70.80
68.20
74.00
---
74.59
70.65
71.77
73.71
70.29
66.44
72.22
70.80
68.20
73.99
---
figlang_reddit as_publisher
---
61.82
62.95
62.05
57.50
59.32
60.23
62.05
58.86
56.82
60.45
---
61.14
62.02
61.78
52.32
52.66
60.15
61.44
56.76
52.26
59.80
---
politifact echo
---
61.90
76.19
64.29
73.81
76.19
73.17
60.98
65.85
75.61
65.85
---
61.11
69.21
60.50
73.43
67.19
70.66
60.39
65.34
68.94
65.34
---
gossipcop echo
---
64.05
68.05
57.26
68.05
69.29
70.12
71.78
65.56
70.54
67.63
---
54.90
65.94
46.52
62.87
64.93
63.45
66.85
56.91
64.98
64.16
---
antivax echo
---
88.95
94.47
87.37
93.16
92.11
91.58
92.11
93.14
91.29
89.97
---
84.83
92.33
82.39
90.39
89.55
87.88
89.08
91.05
88.76
86.65
---
hasoc echo
---
61.11
70.83
59.15
52.11
71.83
64.79
54.93
64.79
57.75
53.52
---
57.86
60.37
57.95
44.02
67.84
52.60
53.82
54.31
46.10
49.52
---
pheme echo
---
77.45
80.09
81.65
79.47
79.00
79.91
80.22
81.15
79.28
80.37
---
76.11
79.12
80.11
77.99
77.04
78.45
78.43
80.53
78.00
78.70
---
twitter15 echo
---
76.36
92.73
81.82
83.33
87.04
79.63
66.67
81.48
72.22
75.93
---
76.33
92.67
81.76
82.86
86.92
79.45
66.62
81.46
71.98
75.72
---
twitter16 echo
---
81.08
72.97
77.78
86.11
83.33
75.00
83.33
83.33
72.22
52.78
---
77.92
72.47
77.50
85.57
83.12
74.83
82.47
83.28
72.14
52.74
---
rumoureval echo
---
51.11
31.11
35.56
60.00
42.22
57.78
45.45
38.64
31.82
52.27
---
36.51
22.37
27.11
55.56
23.38
57.90
39.16
24.87
25.68
37.18
---
figlang_twitter echo
---
75.00
70.80
72.20
73.60
71.80
66.80
71.40
71.60
69.80
73.80
---
74.99
70.65
72.17
73.45
71.69
66.66
71.34
71.60
69.80
73.78
---
figlang_reddit echo
---
62.05
63.18
61.59
57.05
59.32
59.55
61.82
59.09
56.82
60.23
---
61.40
62.17
61.35
51.31
52.66
58.37
61.19
57.47
52.26
59.50
---
politifact support
---
66.67
78.57
57.14
80.95
76.19
82.93
70.73
65.85
80.49
63.41
---
63.70
71.43
53.33
80.56
67.19
80.67
69.85
65.34
75.15
63.33
---
gossipcop support
---
62.40
67.63
56.85
65.98
70.12
70.12
72.61
63.90
71.37
66.80
---
54.84
65.57
44.69
60.02
66.10
63.45
67.58
54.83
66.73
63.65
---
antivax support
---
90.00
93.95
88.68
92.63
90.53
91.32
91.32
90.77
91.03
92.35
---
86.57
91.60
84.04
89.81
87.46
87.55
88.38
88.00
88.45
89.63
---
hasoc support
---
55.56
69.44
61.97
53.52
77.46
61.97
59.15
67.61
54.93
56.34
---
50.98
59.26
60.43
43.42
73.65
48.81
56.97
56.40
42.51
50.71
---
pheme support
---
77.14
81.03
81.65
81.03
79.16
80.06
80.84
81.15
78.97
79.75
---
75.93
80.15
80.11
79.69
77.28
78.60
79.34
80.53
77.71
78.06
---
twitter15 support
---
72.73
92.73
85.45
83.33
85.19
75.93
70.37
79.63
68.52
75.93
---
72.14
92.67
85.33
82.86
85.10
75.51
70.33
79.57
68.25
75.72
---
twitter16 support
---
78.38
78.38
72.22
86.11
88.89
77.78
86.11
75.00
77.78
58.33
---
75.33
78.24
71.88
85.57
88.85
77.50
85.57
74.83
77.71
58.30
---
rumoureval support
---
55.56
40.00
37.78
60.00
44.44
57.78
47.73
34.09
31.82
54.55
---
39.68
31.35
28.80
55.56
24.35
57.90
43.08
22.82
25.44
39.33
---
figlang_twitter support
---
76.60
70.80
71.40
73.00
73.20
68.00
70.00
72.60
69.40
74.00
---
76.58
70.65
71.39
72.87
73.14
67.70
69.86
72.60
69.39
73.98
---
figlang_reddit support
---
62.05
62.27
62.27
57.95
59.32
58.18
61.59
59.09
56.82
62.50
---
61.49
61.35
61.99
52.83
52.66
58.17
60.84
57.30
52.26
61.99
---
politifact deny
---
69.05
80.95
61.90
83.33
69.05
82.93
56.10
68.29
70.73
60.98
---
66.77
71.72
58.52
82.53
52.06
80.67
55.43
68.22
64.66
60.39
---
gossipcop deny
---
62.40
69.29
56.02
68.05
70.12
70.54
73.03
65.98
70.54
68.05
---
55.20
67.97
43.62
63.39
66.92
63.80
68.43
56.81
64.98
65.63
---
antivax deny
---
89.74
93.42
87.89
92.11
90.79
91.58
91.05
91.56
91.56
90.77
---
86.81
91.07
83.51
89.24
88.65
87.88
88.15
89.20
89.58
87.84
---
hasoc deny
---
56.94
70.83
66.20
54.93
74.65
67.61
59.15
66.20
56.34
54.93
---
48.61
60.37
61.41
44.31
71.68
57.97
56.97
53.59
43.35
48.55
---
pheme deny
---
77.92
79.00
81.65
80.56
78.69
80.06
78.82
81.15
79.75
79.28
---
76.70
78.22
80.11
79.53
76.88
78.63
77.56
80.53
78.61
77.54
---
twitter15 deny
---
76.36
92.73
85.45
83.33
83.33
75.93
68.52
79.63
72.22
74.07
---
76.33
92.67
85.33
82.86
83.19
75.72
68.42
79.57
71.75
73.93
---
twitter16 deny
---
81.08
70.27
72.22
86.11
86.11
77.78
86.11
63.89
77.78
66.67
---
77.92
69.47
71.88
85.57
86.01
77.50
85.57
62.47
77.78
66.56
---
rumoureval deny
---
53.33
35.56
31.11
60.00
48.89
57.78
50.00
36.36
36.36
54.55
---
38.18
26.20
23.94
55.56
32.22
57.90
44.44
23.64
31.82
39.56
---
figlang_twitter deny
---
74.00
70.80
73.60
70.80
70.60
66.00
71.80
69.40
70.20
72.40
---
73.97
70.65
73.59
70.55
70.60
65.80
71.78
69.37
70.11
72.37
---
figlang_reddit deny
---
60.91
63.18
62.05
57.95
59.32
61.36
62.73
59.09
56.82
61.59
---
60.31
62.05
61.80
53.14
52.66
60.53
62.20
57.39
52.26
61.11
---
politifact makeup
---
71.43
83.33
69.05
80.95
78.57
70.73
70.73
63.41
80.49
68.29
---
69.71
76.19
65.77
80.24
71.43
67.46
69.25
63.06
73.55
68.29
---
gossipcop makeup
---
61.57
69.29
56.85
68.88
69.71
70.12
73.03
65.15
70.54
68.88
---
53.46
67.48
45.23
63.84
65.52
63.45
68.19
56.18
64.98
65.64
---
antivax makeup
---
89.47
94.74
87.89
91.58
90.79
91.05
91.84
93.14
90.50
91.82
---
86.06
92.42
83.26
88.35
88.01
87.12
88.84
91.05
87.61
89.00
---
hasoc makeup
---
63.89
70.83
64.79
53.52
76.06
66.20
64.79
67.61
57.75
57.75
---
53.53
61.81
60.25
44.96
71.65
55.35
62.90
56.40
46.10
52.79
---
pheme makeup
---
77.76
81.96
81.65
81.18
78.69
80.06
81.15
81.15
78.19
79.44
---
76.52
81.13
80.11
79.84
76.66
78.60
79.60
80.53
76.86
77.73
---
twitter15 makeup
---
80.00
92.73
87.27
81.48
88.89
74.07
68.52
77.78
68.52
77.78
---
79.97
92.67
87.12
80.82
88.75
73.75
68.42
77.66
68.25
77.66
---
twitter16 makeup
---
78.38
72.97
75.00
86.11
88.89
77.78
86.11
86.11
72.22
69.44
---
74.13
72.47
74.83
85.57
88.75
77.71
85.57
85.57
72.14
68.84
---
rumoureval makeup
---
60.00
37.78
33.33
60.00
46.67
57.78
40.91
38.64
36.36
52.27
---
42.92
29.01
25.53
55.56
33.39
57.90
37.94
26.23
31.66
37.43
---
figlang_twitter makeup
---
73.60
70.80
74.80
72.60
69.80
65.80
71.00
71.40
69.40
74.60
---
73.55
70.65
74.79
72.38
69.79
65.57
70.95
71.39
69.32
74.59
---
figlang_reddit makeup
---
60.91
63.64
62.50
57.50
59.32
60.45
62.50
59.09
56.82
61.14
---
60.01
62.58
62.17
52.00
52.66
59.24
61.95
57.47
52.26
60.61
---
politifact spread
---
54.76
76.19
57.14
80.95
78.57
70.73
63.41
68.29
73.17
58.54
---
53.47
69.21
53.33
80.24
69.39
67.46
62.61
67.99
66.76
56.90
---
gossipcop spread
---
60.33
68.05
55.60
66.80
70.95
70.12
70.95
68.05
70.54
66.80
---
50.46
65.11
43.37
61.00
66.60
63.45
65.61
60.02
64.98
62.81
---
antivax spread
---
89.47
94.74
87.63
92.89
90.79
91.32
92.63
92.35
91.29
92.35
---
85.66
92.49
82.41
89.98
87.85
87.44
89.73
89.78
88.76
89.71
---
hasoc spread
---
55.56
72.22
59.15
61.97
74.65
66.20
64.79
69.01
53.52
54.93
---
54.29
62.96
58.63
59.36
71.06
55.35
63.36
57.46
41.67
53.37
---
pheme spread
---
77.92
81.03
81.65
81.34
79.47
80.06
80.22
81.15
79.13
79.60
---
76.63
79.95
80.11
80.02
77.62
78.60
78.47
80.53
77.92
77.96
---
twitter15 spread
---
74.55
92.73
83.64
81.48
87.04
79.63
70.37
79.63
72.22
77.78
---
74.47
92.67
83.55
80.82
86.82
79.45
70.21
79.57
71.75
77.66
---
twitter16 spread
---
78.38
78.38
69.44
86.11
86.11
77.78
86.11
66.67
72.22
58.33
---
74.13
78.24
68.84
85.57
86.01
77.71
85.57
65.71
71.43
58.30
---
rumoureval spread
---
51.11
33.33
46.67
60.00
48.89
55.56
59.09
36.36
29.55
54.55
---
36.57
24.80
35.56
55.56
26.04
55.90
54.10
22.13
23.89
39.55
---
figlang_twitter spread
---
73.60
70.80
71.80
73.20
70.80
66.40
69.40
71.20
69.60
74.20
---
73.58
70.65
71.64
73.06
70.37
65.97
68.97
71.20
69.59
74.18
---
figlang_reddit spread
---
59.09
63.18
60.68
57.27
59.32
60.00
61.82
59.32
56.82
59.77
---
58.37
62.23
60.10
52.15
52.66
59.73
61.14
57.50
52.26
58.82
---
politifact rephrase
---
76.19
80.95
61.90
85.71
73.81
75.61
70.73
70.73
78.05
68.29
---
74.07
73.75
58.52
84.86
59.44
71.84
69.85
70.57
71.19
67.99
---
gossipcop rephrase
---
62.40
68.46
56.43
68.46
68.88
70.54
72.20
67.63
71.78
68.88
---
54.84
66.15
44.43
63.22
65.03
63.80
66.96
60.40
66.85
65.83
---
antivax rephrase
---
90.26
93.95
88.68
92.63
93.16
91.32
91.32
90.77
89.97
91.29
---
87.06
91.53
84.29
89.89
91.06
87.23
88.21
88.23
86.75
88.02
---
hasoc rephrase
---
63.89
69.44
66.20
56.34
77.46
63.38
56.34
69.01
57.75
63.38
---
58.47
60.68
62.96
52.57
73.65
54.75
52.57
60.48
46.10
59.09
---
pheme rephrase
---
76.98
80.72
81.65
79.94
78.69
80.06
80.53
81.15
78.35
79.91
---
75.75
79.74
80.11
78.72
76.70
78.60
78.97
80.53
77.12
78.25
---
twitter15 rephrase
---
81.82
90.91
85.45
83.33
85.19
77.78
74.07
75.93
70.37
77.78
---
81.81
90.86
85.41
82.86
85.00
77.50
73.93
75.72
70.00
77.66
---
twitter16 rephrase
---
78.38
75.68
69.44
86.11
88.89
77.78
86.11
83.33
69.44
63.89
---
74.13
75.39
69.23
85.57
88.85
77.71
85.57
83.12
69.23
63.18
---
rumoureval rephrase
---
53.33
35.56
35.56
60.00
46.67
60.00
38.64
40.91
27.27
50.00
---
38.10
28.46
31.35
55.56
30.15
60.07
33.54
31.80
18.47
35.70
---
figlang_twitter rephrase
---
72.40
70.80
72.60
72.80
72.00
67.40
71.20
71.20
69.60
72.60
---
72.35
70.65
72.60
72.67
71.82
67.06
71.14
71.19
69.59
72.59
---
figlang_reddit rephrase
---
61.36
63.64
62.73
55.68
59.09
60.45
62.27
57.95
56.82
59.32
---
60.30
62.46
62.48
49.03
52.30
58.88
61.65
55.90
52.26
58.52
---
politifact rewrite
---
71.43
80.95
64.29
83.33
78.57
85.37
70.73
78.05
75.61
65.85
---
68.89
73.75
60.50
82.11
69.39
81.36
68.46
78.00
68.94
65.83
---
gossipcop rewrite
---
62.40
68.88
55.60
67.63
68.05
70.54
73.44
66.80
71.37
69.29
---
53.26
66.82
43.37
62.52
63.87
63.80
68.31
58.66
66.23
66.89
---
antivax rewrite
---
88.68
93.95
90.26
92.11
92.89
91.05
90.79
91.03
91.29
91.82
---
84.75
91.46
86.27
89.08
90.62
87.01
87.21
88.22
88.61
88.58
---
hasoc rewrite
---
62.50
69.44
57.75
57.75
81.69
64.79
56.34
64.79
54.93
54.93
---
55.24
57.65
55.77
53.70
78.85
52.60
54.00
50.65
45.90
50.61
---
pheme rewrite
---
77.45
81.18
81.65
80.56
79.16
80.06
80.53
81.15
77.41
79.13
---
76.22
80.16
80.11
79.31
77.10
78.60
78.97
80.53
75.82
77.47
---
twitter15 rewrite
---
80.00
92.73
87.27
87.04
87.04
75.93
72.22
75.93
75.93
77.78
---
80.00
92.67
87.21
86.82
86.82
75.51
71.98
75.72
75.72
77.66
---
twitter16 rewrite
---
86.49
78.38
80.56
86.11
94.44
80.56
86.11
88.89
75.00
61.11
---
83.38
78.24
80.54
85.57
94.43
80.42
85.57
88.75
74.83
59.09
---
rumoureval rewrite
---
55.56
31.11
31.11
60.00
42.22
57.78
36.36
34.09
29.55
50.00
---
39.59
22.36
23.18
55.56
20.11
57.90
27.58
21.73
19.55
36.27
---
figlang_twitter rewrite
---
73.20
70.80
72.40
73.00
70.20
65.40
70.80
72.20
70.40
73.60
---
73.13
70.65
72.37
72.91
70.17
64.84
70.66
72.19
70.34
73.60
---
figlang_reddit rewrite
---
60.68
63.41
62.05
55.91
59.09
60.45
62.05
59.09
56.82
58.86
---
59.63
62.31
61.49
48.38
52.49
58.96
61.40
57.22
52.26
57.89
---
politifact modify
---
71.43
83.33
66.67
83.33
80.95
75.61
73.17
73.17
80.49
63.41
---
69.71
76.19
62.50
82.53
73.75
70.55
70.66
73.11
73.55
63.41
---
gossipcop modify
---
62.40
66.80
56.85
67.22
70.12
70.54
71.37
67.22
72.20
70.54
---
53.26
64.69
45.23
62.18
66.32
63.80
66.23
59.36
67.69
67.99
---
antivax modify
---
89.47
94.21
89.74
92.63
92.63
91.32
92.11
90.50
91.56
93.40
---
85.66
91.87
85.75
89.89
90.44
87.44
89.16
87.93
88.92
90.93
---
hasoc modify
---
62.50
68.06
64.79
59.15
77.46
66.20
59.15
64.79
57.75
56.34
---
53.97
56.59
62.37
52.83
74.28
56.88
57.50
50.65
47.79
52.57
---
pheme modify
---
77.29
81.49
81.65
81.18
79.32
80.06
80.37
81.15
77.41
79.44
---
76.11
80.49
80.11
80.01
77.34
78.60
78.82
80.53
75.90
77.81
---
twitter15 modify
---
80.00
90.91
85.45
87.04
85.19
74.07
72.22
77.78
72.22
74.07
---
80.00
90.86
85.33
86.82
85.10
73.75
72.14
77.66
72.14
73.93
---
twitter16 modify
---
81.08
78.38
80.56
86.11
88.89
77.78
86.11
80.56
66.67
61.11
---
77.92
78.24
80.54
85.57
88.75
77.71
85.57
80.54
66.25
59.09
---
rumoureval modify
---
55.56
33.33
33.33
62.22
46.67
57.78
36.36
34.09
31.82
52.27
---
39.68
24.02
25.64
58.98
27.06
57.90
24.63
20.64
25.55
38.80
---
figlang_twitter modify
---
70.40
70.80
72.40
70.80
73.60
69.00
74.20
70.40
71.20
74.40
---
70.35
70.65
72.39
70.68
73.57
68.67
74.20
70.40
71.15
74.40
---
figlang_reddit modify
---
60.45
63.41
61.82
56.36
59.09
59.09
62.50
59.32
56.82
60.45
---
59.30
62.31
61.23
49.52
52.30
57.62
61.81
57.33
52.26
59.54
---
politifact reverse
---
71.43
85.71
59.52
78.57
83.33
70.73
68.29
78.05
78.05
70.73
---
69.71
78.79
56.54
76.99
80.90
66.21
67.04
78.00
71.19
70.29
---
gossipcop reverse
---
62.40
68.88
56.85
67.63
68.88
70.54
71.37
66.39
70.95
67.22
---
52.83
67.23
44.69
63.04
65.03
64.70
66.23
58.33
65.61
64.20
---
antivax reverse
---
89.47
93.42
91.05
90.00
91.84
91.05
91.84
90.24
89.45
90.77
---
86.34
90.87
87.81
86.27
89.52
87.12
88.93
87.47
86.33
87.30
---
hasoc reverse
---
65.28
70.83
61.97
54.93
76.06
67.61
59.15
67.61
53.52
59.15
---
58.55
60.37
58.69
47.31
72.35
59.35
53.89
56.40
43.42
53.89
---
pheme reverse
---
77.45
81.65
81.65
79.78
78.85
80.06
80.22
81.15
78.82
79.75
---
76.22
80.52
80.11
78.24
76.75
78.60
78.78
80.53
77.59
77.98
---
twitter15 reverse
---
78.18
92.73
87.27
81.48
87.04
79.63
70.37
79.63
68.52
77.78
---
78.17
92.67
87.12
80.82
86.92
79.45
70.21
79.62
68.42
77.50
---
twitter16 reverse
---
83.78
78.38
77.78
86.11
86.11
80.56
86.11
77.78
75.00
69.44
---
79.44
77.98
77.71
85.57
86.01
80.54
85.57
77.71
74.98
68.24
---
rumoureval reverse
---
53.33
31.11
42.22
60.00
42.22
60.00
43.18
36.36
27.27
47.73
---
38.18
20.89
36.84
55.56
20.11
60.07
36.07
21.37
20.72
40.61
---
figlang_twitter reverse
---
73.40
71.00
73.80
73.20
70.20
66.80
72.40
72.40
69.80
73.80
---
73.31
70.86
73.78
73.18
70.04
66.44
72.27
72.39
69.80
73.79
---
figlang_reddit reverse
---
61.82
63.41
63.41
55.23
59.09
60.00
62.50
58.41
56.82
60.45
---
60.77
62.25
62.78
48.50
52.30
58.70
61.90
56.28
52.26
59.17
---
politifact remove
---
59.52
78.57
69.05
83.33
73.81
80.49
70.73
73.17
70.73
68.29
---
58.37
71.43
64.52
82.11
59.44
77.47
69.85
72.91
64.66
67.99
---
gossipcop remove
---
61.16
68.46
57.68
69.29
71.78
70.54
73.03
68.88
70.54
69.71
---
52.77
66.15
46.79
64.69
68.76
63.80
67.94
62.41
65.51
67.09
---
antivax remove
---
89.21
95.00
89.74
93.42
91.84
91.84
91.58
92.35
91.03
92.88
---
85.46
92.95
85.52
90.79
89.31
88.10
88.35
89.85
88.22
89.81
---
hasoc remove
---
66.67
70.83
63.38
69.01
76.06
69.01
64.79
73.24
63.38
64.79
---
66.01
60.37
59.87
67.57
73.51
66.62
61.75
68.31
59.09
62.90
---
pheme remove
---
77.45
80.09
81.80
79.78
79.32
80.06
79.75
81.15
78.04
79.44
---
76.15
78.87
80.26
78.50
77.20
78.60
78.26
80.53
76.71
77.73
---
twitter15 remove
---
80.00
92.73
89.09
87.04
88.89
79.63
75.93
74.07
72.22
81.48
---
80.00
92.67
89.00
86.82
88.75
79.45
75.72
73.93
71.75
81.38
---
twitter16 remove
---
86.49
78.38
77.78
86.11
94.44
80.56
86.11
83.33
80.56
72.22
---
83.38
77.98
77.71
85.57
94.38
80.42
85.57
83.12
80.17
71.43
---
rumoureval remove
---
60.00
26.67
42.22
57.78
46.67
60.00
45.45
38.64
40.91
59.09
---
42.84
20.19
32.01
53.96
25.43
60.07
37.75
26.61
37.78
41.70
---
figlang_twitter remove
---
73.20
70.80
73.80
73.40
71.40
65.40
69.80
72.80
72.20
73.00
---
73.16
70.65
73.79
73.30
71.26
64.88
69.60
72.79
72.20
72.99
---
figlang_reddit remove
---
60.45
61.82
62.73
57.50
59.77
61.36
62.27
57.05
56.82
58.86
---
59.60
60.88
62.24
51.83
53.37
60.24
61.70
55.21
52.26
58.00
---
politifact repeat
---
66.67
73.81
64.29
78.57
78.57
70.73
70.73
78.05
65.85
73.17
---
63.70
67.07
60.50
76.99
69.39
66.21
69.25
77.84
58.76
72.58
---
gossipcop repeat
---
61.98
69.29
56.43
65.98
67.63
70.12
71.37
69.29
70.95
68.05
---
54.53
67.19
44.43
61.40
63.51
63.76
65.97
62.75
66.37
64.72
---
antivax repeat
---
88.68
95.26
90.26
93.42
91.58
91.58
90.79
92.88
89.97
93.14
---
84.96
93.35
86.37
90.72
89.14
87.77
87.31
90.55
86.84
90.46
---
hasoc repeat
---
65.28
70.83
61.97
67.61
78.87
67.61
69.01
73.24
66.20
63.38
---
64.45
60.37
58.69
66.65
77.05
65.38
66.62
68.31
62.96
62.11
---
pheme repeat
---
77.92
80.25
81.80
79.32
79.00
80.22
80.53
81.46
78.35
79.28
---
76.63
79.08
80.26
78.02
77.00
78.75
79.01
80.83
77.08
77.49
---
twitter15 repeat
---
80.00
92.73
85.45
88.89
88.89
79.63
75.93
74.07
72.22
79.63
---
79.97
92.67
85.41
88.64
88.75
79.45
75.72
73.93
71.75
79.45
---
twitter16 repeat
---
83.78
83.78
72.22
86.11
97.22
80.56
88.89
75.00
83.33
63.89
---
80.59
83.68
71.88
85.57
97.20
80.42
88.31
74.98
83.12
63.64
---
rumoureval repeat
---
55.56
40.00
42.22
60.00
42.22
57.78
43.18
40.91
40.91
50.00
---
39.29
37.28
36.65
57.26
25.89
58.01
39.28
30.67
39.26
37.28
---
figlang_twitter repeat
---
71.80
71.00
74.60
72.60
69.80
65.40
71.60
72.00
72.40
72.60
---
71.76
70.86
74.60
72.45
69.74
64.98
71.51
72.00
72.39
72.59
---
figlang_reddit repeat
---
62.95
62.73
63.41
57.95
60.00
61.36
62.27
57.05
56.82
59.55
---
62.41
61.92
63.02
52.51
53.73
60.42
61.74
55.21
52.26
58.88
---
