politifact vanilla
---
95.24
85.71
92.86
85.71
85.71
90.24
92.68
90.24
80.49
92.68
---
94.43
81.52
92.33
85.42
85.18
89.15
92.52
90.24
78.31
92.68
---
gossipcop vanilla
---
67.36
72.20
70.12
73.86
71.37
63.49
75.52
73.86
74.27
75.93
---
66.66
69.95
69.40
71.74
70.29
60.62
71.95
70.04
71.35
74.98
---
antivax vanilla
---
93.16
94.74
93.95
92.37
93.42
91.84
93.42
94.46
93.93
94.72
---
91.18
92.22
91.46
88.78
91.07
86.93
90.24
92.38
92.31
92.22
---
hasoc vanilla
---
58.33
68.06
57.75
53.52
69.01
66.20
59.15
66.20
59.15
60.56
---
49.58
52.73
54.49
50.33
59.07
58.24
59.02
51.59
51.63
56.78
---
pheme vanilla
---
80.56
81.96
82.27
81.03
79.94
78.04
81.15
77.88
75.86
79.28
---
79.17
80.59
81.24
80.28
77.22
77.05
78.92
77.57
74.32
77.13
---
twitter15 vanilla
---
78.18
74.55
83.64
81.48
77.78
75.93
74.07
77.78
70.37
79.63
---
77.82
74.54
83.55
81.07
77.66
73.91
73.93
77.28
67.52
79.05
---
twitter16 vanilla
---
56.76
67.57
55.56
63.89
66.67
69.44
63.89
69.44
61.11
55.56
---
56.73
63.00
51.84
63.64
60.73
68.24
49.95
68.84
56.25
55.00
---
rumoureval vanilla
---
66.67
51.11
51.11
55.56
77.78
62.22
59.09
59.09
65.91
72.73
---
63.77
48.05
42.87
51.60
78.63
61.22
58.13
55.52
61.03
59.76
---
figlang_twitter vanilla
---
76.80
80.20
75.60
76.80
76.20
78.20
80.60
77.00
76.80
76.00
---
76.79
80.20
75.52
76.80
76.08
78.19
80.33
76.98
76.79
75.96
---
figlang_reddit vanilla
---
68.18
72.50
67.73
69.32
72.73
67.95
70.91
68.41
71.82
64.55
---
67.80
72.45
65.74
69.31
72.50
67.95
70.56
67.51
71.42
64.54
---
politifact as_publisher
---
95.24
85.71
92.86
88.10
92.86
92.68
90.24
92.68
73.17
95.12
---
94.43
81.52
92.33
87.92
92.33
91.72
89.95
92.68
71.47
95.12
---
gossipcop as_publisher
---
67.36
70.12
68.88
73.03
69.71
65.98
74.27
72.20
73.86
73.44
---
65.44
66.73
67.10
70.05
66.36
60.60
68.52
65.84
69.40
71.22
---
antivax as_publisher
---
93.16
95.26
94.21
92.63
93.16
91.84
95.00
92.88
94.72
94.20
---
91.00
93.00
91.87
89.21
90.61
86.65
92.83
89.81
93.33
91.36
---
hasoc as_publisher
---
56.94
68.06
63.38
56.34
69.01
61.97
59.15
67.61
60.56
64.79
---
47.15
52.73
62.11
52.57
59.07
58.69
58.63
56.40
53.90
61.05
---
pheme as_publisher
---
80.87
81.49
83.36
81.80
79.47
76.64
80.37
79.60
77.57
79.60
---
79.54
79.96
82.40
80.95
76.55
75.40
77.65
79.23
75.84
77.18
---
twitter15 as_publisher
---
80.00
80.00
76.36
75.93
79.63
75.93
74.07
77.78
64.81
75.93
---
79.76
79.97
75.56
75.24
79.62
74.44
73.15
77.66
59.84
74.88
---
twitter16 as_publisher
---
59.46
67.57
58.33
66.67
58.33
69.44
66.67
69.44
61.11
58.33
---
59.34
63.00
54.04
66.56
46.38
68.24
55.56
68.84
56.25
57.51
---
rumoureval as_publisher
---
64.44
53.33
62.22
57.78
66.67
60.00
50.00
61.36
68.18
70.45
---
61.14
52.34
49.58
54.75
63.11
58.56
50.00
57.54
65.37
58.01
---
figlang_twitter as_publisher
---
75.60
76.80
75.00
75.20
77.20
76.80
79.20
76.00
74.20
73.80
---
75.60
76.77
74.95
75.01
76.87
76.80
79.02
75.96
74.19
73.60
---
figlang_reddit as_publisher
---
70.00
70.91
71.36
70.45
71.36
67.50
70.91
67.50
73.18
65.00
---
69.92
70.85
70.23
70.45
71.07
67.50
70.69
66.73
72.94
64.79
---
politifact echo
---
97.62
88.10
97.62
90.48
92.86
92.68
90.24
92.68
75.61
95.12
---
97.15
84.13
97.37
90.28
92.33
91.72
89.95
92.68
72.88
95.12
---
gossipcop echo
---
67.36
68.46
68.88
71.37
70.95
66.39
74.27
71.78
73.86
73.03
---
65.71
64.45
66.82
67.82
67.65
60.36
69.30
65.77
69.17
71.12
---
antivax echo
---
92.89
95.53
94.47
91.32
95.26
92.11
95.26
93.40
94.46
94.72
---
90.62
93.48
92.21
87.23
93.68
87.41
93.18
90.86
93.02
92.22
---
hasoc echo
---
55.56
68.06
63.38
52.11
69.01
69.01
60.56
66.20
59.15
60.56
---
44.62
50.34
61.67
48.42
57.46
62.81
60.18
53.59
51.63
57.52
---
pheme echo
---
78.69
81.65
82.58
81.18
79.94
78.19
80.84
79.60
78.04
79.60
---
77.50
80.39
81.65
80.66
77.28
77.43
78.42
79.40
76.71
77.57
---
twitter15 echo
---
78.18
74.55
80.00
79.63
74.07
77.78
72.22
74.07
70.37
77.78
---
78.00
74.47
79.76
79.05
74.07
76.18
71.75
74.07
67.52
77.50
---
twitter16 echo
---
67.57
67.57
66.67
63.89
69.44
69.44
72.22
80.56
75.00
58.33
---
66.96
63.00
65.71
63.86
64.86
68.24
65.38
80.54
74.02
58.04
---
rumoureval echo
---
62.22
55.56
57.78
51.11
71.11
60.00
56.82
65.91
65.91
68.18
---
57.78
50.98
45.02
45.07
70.82
58.92
55.56
64.40
62.87
61.20
---
figlang_twitter echo
---
77.80
79.20
75.60
74.80
77.00
75.80
81.00
77.40
75.80
77.20
---
77.79
79.17
75.59
74.79
76.87
75.77
80.56
77.39
75.73
77.19
---
figlang_reddit echo
---
72.27
69.77
72.05
71.14
71.36
66.36
70.00
70.23
73.86
65.45
---
72.27
69.60
71.16
70.88
71.36
65.92
69.98
70.02
73.85
64.97
---
politifact support
---
95.24
88.10
95.24
90.48
88.10
92.68
95.12
87.80
75.61
95.12
---
94.43
84.13
94.81
90.28
87.52
91.72
94.98
87.78
73.72
95.12
---
gossipcop support
---
65.29
71.37
70.12
75.52
68.05
66.80
75.93
73.86
74.27
74.27
---
64.50
68.73
69.05
73.66
66.73
63.65
72.51
70.04
70.81
73.16
---
antivax support
---
93.16
95.53
94.47
92.63
93.95
91.32
95.00
93.67
94.46
95.51
---
91.00
93.48
92.21
89.30
91.90
85.79
92.65
91.19
92.94
93.42
---
hasoc support
---
56.94
70.83
60.56
52.11
70.42
61.97
64.79
67.61
60.56
64.79
---
48.61
56.84
59.59
48.42
60.19
52.28
64.34
54.60
53.90
61.75
---
pheme support
---
81.96
81.80
82.58
80.72
80.40
78.35
81.46
80.69
77.41
79.60
---
80.75
80.47
81.59
79.96
77.89
77.55
79.12
80.44
75.82
77.43
---
twitter15 support
---
76.36
80.00
83.64
77.78
83.33
75.93
72.22
75.93
62.96
75.93
---
76.08
79.89
83.44
76.99
83.33
74.44
71.75
75.72
60.29
75.51
---
twitter16 support
---
56.76
70.27
58.33
66.67
66.67
69.44
63.89
66.67
61.11
55.56
---
56.73
66.78
55.56
66.56
60.73
68.24
49.95
65.71
56.25
54.29
---
rumoureval support
---
62.22
53.33
55.56
55.56
71.11
64.44
54.55
63.64
68.18
65.91
---
56.77
51.35
45.77
51.60
69.85
63.79
53.79
60.51
65.04
54.73
---
figlang_twitter support
---
77.00
77.80
72.40
72.60
76.40
77.80
80.80
78.20
75.00
74.20
---
76.97
77.79
72.26
72.60
76.30
77.75
80.50
78.20
74.96
74.16
---
figlang_reddit support
---
71.14
72.50
70.45
69.55
72.73
69.09
69.32
67.27
72.73
65.45
---
70.97
72.45
68.98
69.53
72.48
69.09
68.93
66.42
72.48
65.43
---
politifact deny
---
95.24
88.10
92.86
92.86
90.48
92.68
90.24
90.24
70.73
95.12
---
94.17
84.13
92.10
92.51
89.90
91.72
89.95
90.24
68.46
95.12
---
gossipcop deny
---
61.16
68.46
70.95
69.71
66.39
63.49
71.78
74.69
72.20
72.20
---
61.15
68.12
70.77
69.41
66.38
63.26
70.67
72.50
69.95
71.56
---
antivax deny
---
93.42
95.00
94.74
92.63
95.79
93.16
93.42
92.08
94.72
94.99
---
91.65
92.95
92.72
89.56
94.61
89.41
90.65
89.23
93.45
92.77
---
hasoc deny
---
56.94
68.06
57.75
52.11
69.01
64.79
60.56
67.61
60.56
57.75
---
45.49
50.34
53.70
48.42
57.46
55.81
59.59
54.60
53.90
51.77
---
pheme deny
---
78.38
81.03
81.80
77.29
79.32
75.39
79.91
78.04
76.79
78.66
---
77.31
79.98
80.87
76.91
77.29
74.98
77.96
77.98
75.97
76.82
---
twitter15 deny
---
74.55
76.36
81.82
77.78
79.63
77.78
66.67
75.93
66.67
79.63
---
74.47
76.33
81.76
76.62
79.62
76.99
66.25
75.85
64.26
79.05
---
twitter16 deny
---
51.35
64.86
55.56
63.89
63.89
66.67
63.89
66.67
58.33
58.33
---
51.32
60.73
51.84
63.64
58.47
64.94
49.95
65.71
52.09
57.51
---
rumoureval deny
---
66.67
55.56
48.89
53.33
71.11
57.78
54.55
59.09
68.18
68.18
---
63.77
52.02
41.30
48.28
70.24
56.14
53.90
55.49
62.08
56.38
---
figlang_twitter deny
---
73.20
78.40
72.40
74.00
78.00
75.20
78.60
75.40
74.80
73.00
---
73.09
78.36
71.91
74.00
77.96
74.88
78.05
75.40
74.50
72.99
---
figlang_reddit deny
---
73.41
71.59
70.91
69.77
71.59
69.09
71.36
70.00
73.64
68.86
---
73.40
71.59
70.06
69.74
71.50
69.03
71.36
69.51
73.59
68.29
---
politifact makeup
---
92.86
83.33
97.62
92.86
90.48
92.68
90.24
87.80
80.49
92.68
---
91.46
77.78
97.37
92.65
89.90
91.72
89.75
87.78
78.31
92.68
---
gossipcop makeup
---
65.70
72.61
70.54
75.52
72.20
67.22
74.69
71.78
72.61
73.86
---
65.57
70.87
69.79
74.22
71.24
64.90
71.19
67.56
69.13
72.58
---
antivax makeup
---
93.95
95.79
94.21
91.58
93.68
91.58
93.42
92.88
94.72
94.46
---
92.07
93.89
91.87
87.67
91.52
86.29
90.24
90.05
93.33
91.79
---
hasoc makeup
---
58.33
63.89
61.97
52.11
69.01
64.79
63.38
64.79
61.97
63.38
---
46.38
42.36
58.69
47.52
59.07
57.14
62.78
48.42
56.08
59.87
---
pheme makeup
---
79.94
81.49
81.65
80.09
78.38
77.57
80.06
77.57
76.79
79.28
---
78.88
80.27
80.67
79.39
75.34
76.70
77.57
77.39
75.47
77.03
---
twitter15 makeup
---
74.55
72.73
81.82
83.33
70.37
72.22
75.93
77.78
64.81
77.78
---
73.85
72.69
81.67
83.28
70.21
69.90
75.51
77.66
60.94
77.28
---
twitter16 makeup
---
64.86
67.57
72.22
63.89
69.44
63.89
66.67
69.44
72.22
63.89
---
64.45
63.00
71.43
63.64
64.86
62.47
55.56
68.84
70.78
63.64
---
rumoureval makeup
---
62.22
55.56
62.22
53.33
68.89
60.00
50.00
59.09
59.09
65.91
---
60.44
53.50
49.93
48.11
68.44
58.70
50.00
56.04
55.01
54.56
---
figlang_twitter makeup
---
76.80
78.20
74.80
72.80
77.20
76.80
81.40
78.60
76.60
76.60
---
76.80
78.18
74.71
72.76
77.07
76.69
80.99
78.60
76.52
76.60
---
figlang_reddit makeup
---
72.73
70.91
70.68
70.68
71.82
68.18
70.00
70.23
73.18
67.27
---
72.71
70.82
69.49
70.60
71.81
68.01
70.00
69.91
73.15
66.77
---
politifact spread
---
95.24
88.10
95.24
88.10
90.48
92.68
90.24
92.68
78.05
95.12
---
94.43
84.13
94.81
87.76
89.90
91.72
89.95
92.67
75.15
95.12
---
gossipcop spread
---
67.77
68.46
67.63
69.29
68.88
65.15
74.27
73.44
73.44
74.27
---
63.59
63.22
64.37
63.92
64.34
55.76
67.35
67.51
68.80
72.51
---
antivax spread
---
92.63
97.11
93.42
91.05
94.47
91.84
94.74
92.35
93.67
95.25
---
90.18
95.81
90.49
86.54
92.50
86.65
92.29
89.23
91.90
93.00
---
hasoc spread
---
55.56
63.89
66.20
52.11
71.83
67.61
60.56
66.20
60.56
61.97
---
44.62
45.26
63.59
48.42
62.79
61.64
60.49
53.59
53.90
57.93
---
pheme spread
---
80.25
81.03
82.74
81.03
79.94
77.57
80.22
79.75
76.79
79.13
---
78.87
79.39
81.57
80.20
77.11
76.55
77.39
79.36
74.97
76.88
---
twitter15 spread
---
80.00
78.18
83.64
81.48
74.07
75.93
68.52
77.78
75.93
81.48
---
79.89
78.00
83.55
81.07
73.93
74.88
67.16
77.66
74.44
81.38
---
twitter16 spread
---
62.16
70.27
58.33
63.89
66.67
66.67
69.44
66.67
63.89
58.33
---
61.91
66.78
54.04
63.86
60.73
64.94
60.68
65.71
60.17
57.51
---
rumoureval spread
---
64.44
60.00
53.33
51.11
73.33
62.22
56.82
63.64
75.00
65.91
---
58.32
57.21
46.61
45.07
72.31
61.22
56.57
60.09
71.17
54.85
---
figlang_twitter spread
---
75.00
77.20
76.60
77.00
77.20
77.40
78.80
76.00
74.60
74.80
---
75.00
77.20
76.59
77.00
76.87
77.40
78.55
75.99
74.60
74.72
---
figlang_reddit spread
---
66.59
69.55
69.55
69.09
71.14
69.77
69.55
66.82
72.27
65.68
---
65.80
69.27
67.74
69.09
70.86
69.77
68.93
65.62
71.82
65.67
---
politifact rephrase
---
97.62
88.10
92.86
97.62
92.86
95.12
92.68
95.12
78.05
97.56
---
97.01
84.13
91.81
97.50
92.33
94.37
92.39
95.12
75.15
97.56
---
gossipcop rephrase
---
67.77
72.61
74.69
73.03
69.29
68.88
73.44
74.69
75.93
73.03
---
67.71
71.62
73.97
71.12
68.08
66.82
70.76
70.79
72.87
71.60
---
antivax rephrase
---
93.42
96.84
94.74
93.16
95.26
94.21
94.47
94.20
94.99
96.31
---
91.80
95.53
92.83
90.68
94.01
91.37
92.33
92.05
93.83
94.74
---
hasoc rephrase
---
65.28
66.67
61.97
54.93
66.20
64.79
63.38
67.61
60.56
63.38
---
60.52
43.68
61.20
51.45
53.59
54.31
63.02
57.97
53.90
60.56
---
pheme rephrase
---
81.18
82.12
83.20
80.72
81.65
77.57
81.46
80.22
77.10
79.75
---
79.87
80.87
82.33
80.25
79.48
76.73
79.45
80.07
76.26
77.62
---
twitter15 rephrase
---
70.91
72.73
78.18
74.07
72.22
72.22
75.93
72.22
61.11
79.63
---
69.70
72.58
77.58
72.73
71.75
69.17
75.85
71.75
57.86
79.05
---
twitter16 rephrase
---
72.97
70.27
72.22
75.00
72.22
69.44
72.22
72.22
69.44
63.89
---
71.97
66.78
71.88
74.83
68.75
68.84
65.38
72.14
68.24
63.64
---
rumoureval rephrase
---
66.67
60.00
60.00
57.78
62.22
60.00
54.55
61.36
56.82
68.18
---
63.77
57.78
46.23
54.33
58.79
58.95
54.01
57.90
48.63
60.61
---
figlang_twitter rephrase
---
78.80
77.60
73.40
68.40
75.60
75.00
79.80
76.80
77.20
77.00
---
78.77
77.58
73.40
67.57
75.22
74.99
79.62
76.69
77.16
76.83
---
figlang_reddit rephrase
---
73.64
75.68
73.64
70.68
72.73
68.86
73.86
71.36
75.00
67.73
---
73.62
75.68
72.95
70.64
72.68
68.76
73.86
71.12
74.99
67.23
---
politifact rewrite
---
92.86
88.10
92.86
92.86
92.86
95.12
100.00
90.24
82.93
97.56
---
91.46
84.13
92.10
92.65
92.33
94.37
100.00
90.24
80.67
97.56
---
gossipcop rewrite
---
71.07
73.44
69.71
73.03
68.46
65.98
73.86
72.20
75.93
69.29
---
69.67
69.87
67.56
69.50
65.08
58.37
68.15
65.53
72.13
66.55
---
antivax rewrite
---
93.95
95.79
94.74
91.84
96.05
92.37
93.95
93.14
93.93
92.88
---
92.12
93.89
92.66
88.30
94.86
87.90
91.10
90.38
92.45
89.26
---
hasoc rewrite
---
56.94
63.89
64.79
50.70
70.42
64.79
56.34
66.20
61.97
61.97
---
49.90
42.36
62.90
48.07
60.19
54.31
56.20
56.88
56.08
59.36
---
pheme rewrite
---
81.18
81.49
83.05
80.25
80.56
77.41
80.06
81.93
79.28
79.44
---
79.94
80.30
82.28
79.78
78.19
76.58
77.72
81.63
78.44
77.47
---
twitter15 rewrite
---
76.36
72.73
80.00
74.07
77.78
70.37
68.52
74.07
70.37
81.48
---
75.18
72.58
79.57
72.21
77.66
66.67
67.98
73.75
68.83
81.07
---
twitter16 rewrite
---
72.97
70.27
63.89
75.00
69.44
69.44
72.22
80.56
66.67
61.11
---
71.97
66.78
63.64
74.51
64.86
68.84
65.38
80.54
64.94
60.99
---
rumoureval rewrite
---
62.22
51.11
62.22
51.11
66.67
57.78
54.55
61.36
59.09
68.18
---
56.77
46.75
49.93
45.07
66.80
56.17
54.17
59.62
52.07
61.20
---
figlang_twitter rewrite
---
75.00
76.20
74.40
65.60
74.60
78.40
81.20
78.20
74.80
75.00
---
74.83
75.99
74.39
63.57
73.95
78.32
81.13
78.02
74.79
74.65
---
figlang_reddit rewrite
---
73.18
75.00
71.14
70.68
73.18
72.05
70.91
69.77
75.00
69.55
---
73.16
75.00
69.53
70.66
73.13
72.01
70.88
69.36
74.97
69.40
---
politifact modify
---
97.62
88.10
95.24
97.62
95.24
92.68
92.68
90.24
78.05
95.12
---
97.01
84.13
94.81
97.50
94.81
91.72
92.39
90.24
75.99
95.10
---
gossipcop modify
---
66.53
72.61
70.95
73.86
71.78
68.05
73.86
71.78
75.93
71.37
---
65.89
69.68
69.81
70.44
69.10
62.32
68.42
65.77
72.13
69.20
---
antivax modify
---
93.68
95.53
94.21
91.84
95.26
92.63
94.21
94.20
94.20
94.46
---
91.75
93.64
91.99
88.00
93.89
88.49
91.73
92.05
92.75
91.79
---
hasoc modify
---
61.11
66.67
66.20
52.11
71.83
66.20
54.93
63.38
59.15
64.79
---
56.25
49.47
64.14
49.20
61.33
60.48
54.19
54.75
52.83
61.75
---
pheme modify
---
80.56
81.03
82.89
79.00
79.94
77.10
82.09
81.78
77.73
79.44
---
79.41
79.79
82.15
78.59
77.74
76.45
80.05
81.56
76.85
77.51
---
twitter15 modify
---
72.73
72.73
78.18
72.22
79.63
75.93
75.93
75.93
74.07
74.07
---
71.79
72.58
77.82
71.02
79.62
74.44
75.24
75.51
73.15
72.73
---
twitter16 modify
---
70.27
70.27
66.67
69.44
72.22
66.67
69.44
77.78
69.44
61.11
---
68.81
66.78
66.56
69.42
68.75
65.71
60.68
77.71
67.41
60.63
---
rumoureval modify
---
66.67
62.22
64.44
51.11
71.11
55.56
50.00
59.09
65.91
70.45
---
60.13
60.63
55.40
45.07
71.42
53.61
50.13
55.63
61.03
66.74
---
figlang_twitter modify
---
75.80
78.20
74.40
65.80
77.20
76.80
80.00
78.40
74.80
76.00
---
75.72
78.18
74.39
64.16
76.84
76.78
79.86
78.27
74.79
75.78
---
figlang_reddit modify
---
72.73
74.09
71.36
71.82
72.95
69.55
72.73
72.05
75.23
67.50
---
72.72
74.08
70.33
71.78
72.92
69.48
72.70
71.72
75.21
67.16
---
politifact reverse
---
92.86
83.33
95.24
88.10
83.33
92.68
95.12
90.24
63.41
95.12
---
91.46
79.04
94.81
87.92
82.86
91.72
95.05
90.19
62.61
95.12
---
gossipcop reverse
---
68.60
73.03
70.54
75.52
70.12
65.98
73.86
73.03
74.69
73.03
---
66.68
71.91
69.32
74.22
68.84
59.40
69.17
67.69
71.89
71.49
---
antivax reverse
---
93.42
95.00
95.26
93.16
94.74
92.63
92.89
92.88
94.46
95.25
---
91.65
93.00
93.40
90.39
93.21
88.60
89.64
90.13
93.10
93.12
---
hasoc reverse
---
59.72
68.06
61.97
52.11
66.20
61.97
66.20
69.01
60.56
66.20
---
53.13
52.73
60.43
49.20
51.59
53.71
65.87
60.48
53.90
63.59
---
pheme reverse
---
82.12
82.12
83.05
80.25
81.49
77.57
81.62
78.82
77.10
79.60
---
80.87
80.97
82.23
79.72
79.42
76.92
79.60
78.71
76.37
77.38
---
twitter15 reverse
---
76.36
72.73
76.36
81.48
79.63
79.63
72.22
72.22
70.37
83.33
---
76.24
72.73
75.85
81.07
79.62
78.75
71.43
71.98
69.32
83.05
---
twitter16 reverse
---
59.46
67.57
66.67
66.67
63.89
66.67
69.44
66.67
58.33
55.56
---
58.98
63.00
65.71
66.56
56.30
65.71
60.68
65.71
52.09
54.29
---
rumoureval reverse
---
66.67
55.56
57.78
53.33
68.89
60.00
50.00
59.09
56.82
70.45
---
63.77
53.46
41.36
49.97
66.87
59.40
50.13
55.22
52.19
62.35
---
figlang_twitter reverse
---
75.00
74.20
69.40
63.40
74.60
77.60
79.00
74.60
73.80
71.80
---
75.00
73.88
69.35
61.12
73.88
77.60
78.98
74.41
73.75
71.22
---
figlang_reddit reverse
---
73.64
73.86
69.55
69.55
70.91
68.41
71.59
69.32
74.32
69.32
---
73.63
73.80
68.45
69.47
70.64
68.37
71.45
68.63
74.19
69.05
---
politifact remove
---
95.24
92.86
95.24
97.62
92.86
90.24
97.56
92.68
85.37
100.00
---
94.17
89.80
94.81
97.50
92.33
88.74
97.46
92.61
82.33
100.00
---
gossipcop remove
---
71.90
71.37
68.46
75.93
73.86
71.78
77.18
71.37
73.44
73.03
---
70.31
68.56
65.99
72.69
71.88
65.77
73.48
66.23
69.25
71.60
---
antivax remove
---
93.42
95.79
94.47
94.21
95.53
93.68
95.00
95.78
95.78
96.31
---
91.80
94.04
92.44
92.05
94.25
90.59
93.11
94.34
94.82
94.78
---
hasoc remove
---
65.28
72.22
67.61
66.20
76.06
67.61
59.15
66.20
63.38
60.56
---
63.23
61.50
66.65
66.19
69.95
62.59
58.33
60.48
59.09
57.52
---
pheme remove
---
80.72
80.40
82.74
79.47
81.34
76.17
82.71
80.06
77.57
79.28
---
79.28
78.68
81.74
78.82
79.09
75.49
80.70
79.63
76.12
77.18
---
twitter15 remove
---
76.36
74.55
87.27
77.78
83.33
87.04
68.52
72.22
72.22
88.89
---
76.24
74.13
87.26
77.66
83.19
87.00
66.58
72.21
71.98
88.75
---
twitter16 remove
---
89.19
83.78
75.00
83.33
83.33
94.44
75.00
88.89
77.78
88.89
---
85.32
83.77
74.02
81.25
83.12
94.29
74.02
88.31
77.50
88.31
---
rumoureval remove
---
64.44
53.33
55.56
60.00
68.89
62.22
52.27
65.91
59.09
65.91
---
62.94
49.35
40.58
53.89
66.64
61.18
51.50
64.21
54.90
59.45
---
figlang_twitter remove
---
78.80
79.20
78.20
72.40
78.00
79.00
82.20
79.60
79.20
78.80
---
78.76
79.20
78.17
72.20
77.74
78.99
81.79
79.56
79.07
78.71
---
figlang_reddit remove
---
71.36
74.55
68.18
70.45
71.36
69.32
68.18
67.95
71.82
67.27
---
71.30
74.53
67.26
70.45
71.21
69.28
68.01
67.37
71.67
67.12
---
politifact repeat
---
95.24
90.48
88.10
85.71
90.48
82.93
92.68
85.37
75.61
95.12
---
94.17
86.88
86.83
84.44
89.90
78.85
92.22
85.14
71.84
95.10
---
gossipcop repeat
---
65.29
70.54
67.22
74.27
69.29
69.29
75.10
70.12
70.95
71.78
---
63.33
67.99
64.38
71.35
66.72
62.43
70.52
64.06
65.87
69.99
---
antivax repeat
---
93.16
94.74
94.21
93.68
96.05
93.42
94.21
96.31
94.99
96.31
---
91.54
92.61
92.11
91.33
94.99
90.24
92.11
95.15
93.87
94.82
---
hasoc repeat
---
68.06
72.22
70.42
66.20
74.65
64.79
61.97
69.01
63.38
61.97
---
66.61
62.96
70.04
66.19
68.68
60.25
60.85
62.81
59.09
59.36
---
pheme repeat
---
78.38
79.00
82.12
78.85
79.94
77.73
81.15
75.86
76.79
78.50
---
77.03
77.22
81.06
78.34
77.74
76.99
79.10
75.38
75.51
76.30
---
twitter15 repeat
---
76.36
76.36
85.45
85.19
75.93
75.93
70.37
70.37
72.22
88.89
---
76.08
76.08
85.41
84.85
75.72
75.24
68.24
70.33
71.75
88.75
---
twitter16 repeat
---
91.89
86.49
75.00
75.00
88.89
94.44
69.44
80.56
77.78
83.33
---
89.38
86.45
74.83
72.43
88.75
94.29
68.84
78.55
77.14
82.86
---
rumoureval repeat
---
68.89
57.78
55.56
62.22
68.89
55.56
59.09
47.73
52.27
63.64
---
66.98
57.29
43.97
59.26
67.35
53.71
58.33
44.33
48.43
57.90
---
figlang_twitter repeat
---
78.20
78.20
76.00
71.20
76.40
78.40
80.80
79.60
78.80
78.00
---
78.19
78.17
76.00
71.10
76.25
78.34
80.32
79.58
78.55
77.96
---
figlang_reddit repeat
---
72.50
74.55
70.00
70.68
70.45
69.55
69.77
68.86
72.95
68.64
---
72.50
74.55
69.58
70.68
70.41
69.38
69.73
68.44
72.90
68.32
---
