politifact repeat
---
95.24
90.48
88.10
85.71
90.48
82.93
92.68
85.37
75.61
95.12
---
94.17
86.88
86.83
84.44
89.90
78.85
92.22
85.14
71.84
95.10
---
gossipcop repeat
---
65.29
70.54
67.22
74.27
69.29
69.29
75.10
70.12
70.95
71.78
---
63.33
67.99
64.38
71.35
66.72
62.43
70.52
64.06
65.87
69.99
---
antivax repeat
---
93.16
94.74
94.21
93.68
96.05
93.42
94.21
96.31
94.99
96.31
---
91.54
92.61
92.11
91.33
94.99
90.24
92.11
95.15
93.87
94.82
---
hasoc repeat
---
68.06
72.22
70.42
66.20
74.65
64.79
61.97
69.01
63.38
61.97
---
66.61
62.96
70.04
66.19
68.68
60.25
60.85
62.81
59.09
59.36
---
pheme repeat
---
78.38
79.00
82.12
78.85
79.94
77.73
81.15
75.86
76.79
78.50
---
77.03
77.22
81.06
78.34
77.74
76.99
79.10
75.38
75.51
76.30
---
twitter15 repeat
---
76.36
76.36
85.45
85.19
75.93
75.93
70.37
70.37
72.22
88.89
---
76.08
76.08
85.41
84.85
75.72
75.24
68.24
70.33
71.75
88.75
---
twitter16 repeat
---
91.89
86.49
75.00
75.00
88.89
94.44
69.44
80.56
77.78
83.33
---
89.38
86.45
74.83
72.43
88.75
94.29
68.84
78.55
77.14
82.86
---
rumoureval repeat
---
68.89
57.78
55.56
62.22
68.89
55.56
59.09
47.73
52.27
63.64
---
66.98
57.29
43.97
59.26
67.35
53.71
58.33
44.33
48.43
57.90
---
figlang_twitter repeat
---
78.20
78.20
76.00
71.20
76.40
78.40
80.80
79.60
78.80
78.00
---
78.19
78.17
76.00
71.10
76.25
78.34
80.32
79.58
78.55
77.96
---
figlang_reddit repeat
---
72.50
74.55
70.00
70.68
70.45
69.55
69.77
68.86
72.95
68.64
---
72.50
74.55
69.58
70.68
70.41
69.38
69.73
68.44
72.90
68.32
---
